#NSGA2
popsize 50
maxGen 200
numVar 6
numObj 3
numCons 1
stateFieldNames	currentGen	evaluateCount	totalTime	firstFrontCount	frontCount	avgEvalTime	
#end


#Generation 1 / 200
currentGen	1
evaluateCount	50
totalTime	18.5362
firstFrontCount	8
frontCount	5
avgEvalTime	1.28523
#end
Var1	Var2	Var3	Var4	Var5	Var6	Obj1	Obj2	Obj3	Cons1	
 2.000000000000	 0.714552443518	964.230432275116	765.039564813540	 0.000000000000	 0.000000000000	2.2549	0.512219	-0	0.5	
 2.000000000000	 0.171881733932	631.358271205310	397.906974312794	 0.000000000000	 0.000000000000	1.73783	0.435515	-0	0	
 1.000000000000	 0.298616350379	319.461087824760	352.080670756391	 0.000000000000	 0.000000000000	10	1	-1	1	
 2.000000000000	 0.948261502053	246.187686958762	932.103602012485	 0.000000000000	 0.000000000000	10	1	-0	1	
 2.000000000000	 0.020863534976	495.051203281303	430.109681313735	 0.000000000000	 0.000000000000	10	1	-0	1	
 1.000000000000	 0.911784845788	164.961208942503	194.161789657319	 0.000000000000	 0.000000000000	10	1	-1	2	
 2.000000000000	 0.154018499023	743.619405801822	201.527853195879	 0.000000000000	 0.000000000000	10	1	-0	1	
 2.000000000000	 0.436507231139	566.413462229370	702.768098529273	 0.000000000000	 0.000000000000	10	1	-0	1	
 1.000000000000	 0.915891408210	778.427579869357	120.616528444261	 0.000000000000	 0.000000000000	10	1	-1	1	
 2.000000000000	 0.552356488027	351.077986238383	675.755941332008	 0.000000000000	 0.000000000000	2.36187	0.300071	-0	0	
 1.000000000000	 0.818955794772	621.018595111406	422.817644150133	 0.000000000000	 0.000000000000	10	1	-1	1	
 2.000000000000	 0.688833909028	565.377873615010	976.172818573942	 0.000000000000	 0.000000000000	2.77529	0.31584	-0	0	
 1.000000000000	 0.077899499802	606.792163355137	183.107043610855	 0.000000000000	 0.000000000000	2.26383	0.499195	-1	0	
 1.000000000000	 0.620689502527	504.824901079492	746.146230877002	 0.000000000000	 0.000000000000	10	1	-1	1	
 2.000000000000	 0.344026889836	951.606992711936	774.140362564831	 0.000000000000	 0.000000000000	10	1	-0	1	
 2.000000000000	 0.867351335492	943.076651565239	465.181383656728	 0.000000000000	 0.000000000000	1.72269	0.508151	-0	0.5	
 2.000000000000	 0.540901345968	855.509422131701	363.563493687315	 0.000000000000	 0.000000000000	1.49144	0.425442	-0	0	
 1.000000000000	 0.191634178752	214.389863114239	910.513439969816	 0.000000000000	 0.000000000000	10	1	-1	1	
 2.000000000000	 0.303837710853	515.474276451548	149.466898922174	 0.000000000000	 0.000000000000	10	1	-0	1	
 1.000000000000	 0.843277971672	749.946300518635	972.967841316810	 0.000000000000	 0.000000000000	10	1	-1	1	
 1.000000000000	 0.197324559925	495.783517861711	359.570646742189	 0.000000000000	 0.000000000000	2.43128	0.378845	-1	0	
 2.000000000000	 0.485200771355	525.355815274895	297.825215679962	 0.000000000000	 0.000000000000	1.39683	0.439252	-0	0	
 2.000000000000	 0.503496145086	667.378403299697	982.169768433975	 0.000000000000	 0.000000000000	10	1	-0	1	
 2.000000000000	 0.023436217704	309.904866421544	748.996254263948	 0.000000000000	 0.000000000000	10	1	-0	1	
 1.000000000000	 0.807244903374	709.370863472975	789.139396892502	 0.000000000000	 0.000000000000	10	1	-1	1	
 2.000000000000	 0.798778846083	870.813613382938	736.638289418097	 0.000000000000	 0.000000000000	2.46641	0.520708	-0	0.5	
 1.000000000000	 0.211146780593	786.941799878544	753.991685509001	 0.000000000000	 0.000000000000	4.52338	0.681339	-1	0.5	
 2.000000000000	 0.974354627621	390.317325889718	812.892892124174	 0.000000000000	 0.000000000000	10	1	-0	1	
 2.000000000000	 0.072986371616	464.845584473723	860.921651014607	 0.000000000000	 0.000000000000	10	1	-0	1	
 2.000000000000	 0.196922174747	587.426666111060	274.669662794025	 0.000000000000	 0.000000000000	10	1	-0	1	
 1.000000000000	 0.061514468880	394.610123550781	743.993746907412	 0.000000000000	 0.000000000000	10	1	-1	1	
 2.000000000000	 0.112957522807	953.214199153937	733.931870170575	 0.000000000000	 0.000000000000	10	1	-0	1	
 1.000000000000	 0.165272426750	598.290913399063	894.699109624124	 0.000000000000	 0.000000000000	10	1	-1	2	
 1.000000000000	 0.852847300332	528.730717464828	680.726715040505	 0.000000000000	 0.000000000000	10	1	-1	1	
 2.000000000000	 0.940384491572	253.241208069672	700.268697919851	 0.000000000000	 0.000000000000	1.27087	0.628811	-0	0.5	
 1.000000000000	 0.264911490890	646.310940088368	471.381332733416	 0.000000000000	 0.000000000000	10	1	-1	2	
 1.000000000000	 0.610721245401	597.752362582119	682.627609899317	 0.000000000000	 0.000000000000	10	1	-1	1	
 1.000000000000	 0.323532676900	970.572437268090	875.933859290055	 0.000000000000	 0.000000000000	4.9592	0.498461	-1	0	
 2.000000000000	 0.522711037427	296.799530209002	431.756644361148	 0.000000000000	 0.000000000000	1.73111	0.387596	-0	0	
 2.000000000000	 0.144033647958	619.248911449328	945.626686294238	 0.000000000000	 0.000000000000	10	1	-0	1	
 2.000000000000	 0.255089395170	352.904071039011	710.131324541868	 0.000000000000	 0.000000000000	10	1	-0	1	
 1.000000000000	 0.775657492898	488.845788832550	442.550898417284	 0.000000000000	 0.000000000000	10	1	-1	1	
 2.000000000000	 0.308773278659	437.286846657615	909.309072911091	 0.000000000000	 0.000000000000	10	1	-0	1	
 1.000000000000	 0.598762067790	529.434180485636	119.819086611556	 0.000000000000	 0.000000000000	10	1	-1	1	
 1.000000000000	 0.541872803784	521.746898628183	412.208796594645	 0.000000000000	 0.000000000000	10	1	-1	1	
 1.000000000000	 0.001083826469	287.457586488913	707.497290475548	 0.000000000000	 0.000000000000	10	1	-1	1	
 2.000000000000	 0.075413883893	544.990572392870	983.310602910130	 0.000000000000	 0.000000000000	10	1	-0	1	
 1.000000000000	 0.434231617810	457.106529743991	776.243837624855	 0.000000000000	 0.000000000000	3.36793	0.314402	-1	0	
 2.000000000000	 0.567229052863	889.811573222819	206.585671155291	 0.000000000000	 0.000000000000	1.13883	0.494998	-0	0	
 1.000000000000	 0.954894844422	154.579863811636	611.800735696794	 0.000000000000	 0.000000000000	10	1	-1	2	



#Generation 2 / 200
currentGen	2
evaluateCount	100
totalTime	36.0945
firstFrontCount	18
frontCount	6
avgEvalTime	0.950234
#end
Var1	Var2	Var3	Var4	Var5	Var6	Obj1	Obj2	Obj3	Cons1	
 2.000000000000	 0.540901345968	855.509422131701	363.563493687315	 0.000000000000	 0.000000000000	1.49144	0.425442	-0	0	
 2.000000000000	 0.485200771355	525.355815274895	297.825215679962	 0.000000000000	 0.000000000000	1.39683	0.439252	-0	0	
 2.000000000000	 0.522711037427	296.799530209002	431.756644361148	 0.000000000000	 0.000000000000	1.73111	0.387596	-0	0	
 2.000000000000	 0.567229052863	889.811573222819	206.585671155291	 0.000000000000	 0.000000000000	1.13883	0.494998	-0	0	
 1.000000000000	 0.512444645309	357.696300544754	352.080670756391	 0.000000000000	 0.000000000000	2.23	0.290177	-1	0	
 2.000000000000	 0.669288686230	818.385913641255	281.152835494127	 0.000000000000	 0.000000000000	1.22924	0.462654	-0	0	
 2.000000000000	 0.485200771355	507.958448381521	433.935711993366	 0.000000000000	 0.000000000000	1.76612	0.384908	-0	0	
 2.000000000000	 0.416929129396	525.355815274895	520.138289054511	 0.000000000000	 0.000000000000	2.04404	0.347265	-0	0	
 2.000000000000	 0.422765843334	522.093140393501	361.758468071938	 0.000000000000	 0.000000000000	1.61373	0.413957	-0	0	
 2.000000000000	 0.723387807611	864.194749440985	524.346720268332	 0.000000000000	 0.000000000000	1.88479	0.377706	-0	0	
 2.000000000000	 0.472878129433	517.756421648818	316.065751190585	 0.000000000000	 0.000000000000	1.45452	0.432247	-0	0	
 2.000000000000	 0.480196337080	475.870979851267	573.976765074371	 0.000000000000	 0.000000000000	2.14414	0.326577	-0	0	
 2.000000000000	 0.429360946250	212.520741667528	560.547977816050	 0.000000000000	 0.000000000000	2.14268	0.331323	-0	0	
 2.000000000000	 0.481622891449	600.544835613569	339.916626558023	 0.000000000000	 0.000000000000	1.51433	0.423332	-0	0	
 2.000000000000	 0.714552443518	949.782797898489	506.628531004748	 0.000000000000	 0.000000000000	1.83624	0.380027	-0	0	
 1.000000000000	 0.377137636849	421.401298464980	675.060192880094	 0.000000000000	 0.000000000000	3.01635	0.26922	-1	0	
 2.000000000000	 0.372765588437	509.648710426901	504.643347345479	 0.000000000000	 0.000000000000	2.02917	0.355441	-0	0	
 1.000000000000	 0.451223783824	420.227660956193	747.609112346472	 0.000000000000	 0.000000000000	3.2353	0.235198	-1	0	
 2.000000000000	 0.171881733932	631.358271205310	397.906974312794	 0.000000000000	 0.000000000000	1.73783	0.435515	-0	0	
 2.000000000000	 0.552356488027	351.077986238383	675.755941332008	 0.000000000000	 0.000000000000	2.36187	0.300071	-0	0	
 1.000000000000	 0.077899499802	606.792163355137	183.107043610855	 0.000000000000	 0.000000000000	2.26383	0.499195	-1	0	
 1.000000000000	 0.197324559925	495.783517861711	359.570646742189	 0.000000000000	 0.000000000000	2.43128	0.378845	-1	0	
 1.000000000000	 0.434231617810	457.106529743991	776.243837624855	 0.000000000000	 0.000000000000	3.36793	0.314402	-1	0	
 2.000000000000	 0.805719834996	943.076651565239	444.128653895200	 0.000000000000	 0.000000000000	1.66501	0.460082	-0	0	
 2.000000000000	 0.531321693694	505.923947337562	675.755941332008	 0.000000000000	 0.000000000000	2.37628	0.299929	-0	0	
 2.000000000000	 0.457542025471	513.986964347467	702.768098529273	 0.000000000000	 0.000000000000	2.5026	0.294114	-0	0	
 1.000000000000	 0.209647201848	503.382911487788	341.330111231566	 0.000000000000	 0.000000000000	2.39912	0.386105	-1	0	
 1.000000000000	 0.254163035394	529.216854960485	450.519495857407	 0.000000000000	 0.000000000000	2.75936	0.357722	-1	0	
 1.000000000000	 0.355710331340	355.166319103771	453.264315501152	 0.000000000000	 0.000000000000	2.38677	0.395709	-1	0	
 2.000000000000	 0.535364322014	294.140347406458	729.070393564032	 0.000000000000	 0.000000000000	2.51593	0.291821	-0	0	
 2.000000000000	 0.688833909028	565.377873615010	976.172818573942	 0.000000000000	 0.000000000000	2.77529	0.31584	-0	0	
 2.000000000000	 0.652833197843	606.315137494626	688.146376298499	 0.000000000000	 0.000000000000	2.33409	0.498116	-0	0	
 2.000000000000	 0.698302136267	640.939451348946	724.247854451606	 0.000000000000	 0.000000000000	2.43246	0.318456	-0	0	
 1.000000000000	 0.318993164701	364.181978965862	594.464849967029	 0.000000000000	 0.000000000000	2.76502	0.42557	-1	0	
 1.000000000000	 0.323532676900	970.572437268090	875.933859290055	 0.000000000000	 0.000000000000	4.9592	0.498461	-1	0	
 2.000000000000	 0.714552443518	964.230432275116	765.039564813540	 0.000000000000	 0.000000000000	2.2549	0.512219	-0	0.5	
 2.000000000000	 0.867351335492	943.076651565239	465.181383656728	 0.000000000000	 0.000000000000	1.72269	0.508151	-0	0.5	
 2.000000000000	 0.798778846083	870.813613382938	736.638289418097	 0.000000000000	 0.000000000000	2.46641	0.520708	-0	0.5	
 1.000000000000	 0.211146780593	786.941799878544	753.991685509001	 0.000000000000	 0.000000000000	4.52338	0.681339	-1	0.5	
 2.000000000000	 0.940384491572	253.241208069672	700.268697919851	 0.000000000000	 0.000000000000	1.27087	0.628811	-0	0.5	
 1.000000000000	 0.151988496532	670.811106348684	183.107043610855	 0.000000000000	 0.000000000000	2.1922	0.584653	-1	0.5	
 2.000000000000	 0.798778846083	795.024065445848	736.638289418097	 0.000000000000	 0.000000000000	2.46641	0.520708	-0	0.5	
 2.000000000000	 0.776183944013	964.230432275116	701.284246915232	 0.000000000000	 0.000000000000	1.89318	0.557454	-0	0.5	
 2.000000000000	 0.932413815987	253.241208069672	646.088253924579	 0.000000000000	 0.000000000000	1.25454	0.628162	-0	0.5	
 1.000000000000	 0.312468651890	978.224752548957	972.094895676213	 0.000000000000	 0.000000000000	5.24362	0.517493	-1	0.5	
 1.000000000000	 0.928526675364	469.597080650600	722.201215013540	 0.000000000000	 0.000000000000	10	1	-1	1	
 2.000000000000	 0.308773278659	459.329268234096	969.733690894535	 0.000000000000	 0.000000000000	10	1	-0	1	
 2.000000000000	 0.075413883893	695.974393425609	973.595656888925	 0.000000000000	 0.000000000000	10	1	-0	1	
 2.000000000000	 0.479464932080	480.859767728157	876.056075053977	 0.000000000000	 0.000000000000	10	1	-0	1	
 2.000000000000	 0.604953207450	391.630351790844	769.839309160112	 0.000000000000	 0.000000000000	10	1	-0	1	



#Generation 3 / 200
currentGen	3
evaluateCount	150
totalTime	50.8363
firstFrontCount	30
frontCount	2
avgEvalTime	0.902552
#end
Var1	Var2	Var3	Var4	Var5	Var6	Obj1	Obj2	Obj3	Cons1	
 2.000000000000	 0.540901345968	855.509422131701	363.563493687315	 0.000000000000	 0.000000000000	1.49144	0.425442	-0	0	
 2.000000000000	 0.485200771355	525.355815274895	297.825215679962	 0.000000000000	 0.000000000000	1.39683	0.439252	-0	0	
 2.000000000000	 0.567229052863	889.811573222819	206.585671155291	 0.000000000000	 0.000000000000	1.13883	0.494998	-0	0	
 2.000000000000	 0.669288686230	818.385913641255	281.152835494127	 0.000000000000	 0.000000000000	1.22924	0.462654	-0	0	
 2.000000000000	 0.485200771355	507.958448381521	433.935711993366	 0.000000000000	 0.000000000000	1.76612	0.384908	-0	0	
 2.000000000000	 0.480196337080	475.870979851267	573.976765074371	 0.000000000000	 0.000000000000	2.14414	0.326577	-0	0	
 2.000000000000	 0.429360946250	212.520741667528	560.547977816050	 0.000000000000	 0.000000000000	2.14268	0.331323	-0	0	
 2.000000000000	 0.481622891449	600.544835613569	339.916626558023	 0.000000000000	 0.000000000000	1.51433	0.423332	-0	0	
 2.000000000000	 0.714552443518	949.782797898489	506.628531004748	 0.000000000000	 0.000000000000	1.83624	0.380027	-0	0	
 1.000000000000	 0.377137636849	421.401298464980	675.060192880094	 0.000000000000	 0.000000000000	3.01635	0.26922	-1	0	
 1.000000000000	 0.451223783824	420.227660956193	747.609112346472	 0.000000000000	 0.000000000000	3.2353	0.235198	-1	0	
 2.000000000000	 0.684149923817	920.086228766164	613.650317532857	 0.000000000000	 0.000000000000	1.34354	0.449447	-0	0	
 2.000000000000	 0.566972529665	875.320671457919	310.981275467897	 0.000000000000	 0.000000000000	1.36253	0.444132	-0	0	
 2.000000000000	 0.567229052863	889.811573222819	274.080515523310	 0.000000000000	 0.000000000000	1.27223	0.45335	-0	0	
 2.000000000000	 0.567229052863	889.811573222819	206.585671155291	 0.000000000000	 0.000000000000	1.13883	0.494998	-0	0	
 1.000000000000	 0.411722340165	446.095917659220	690.307086514649	 0.000000000000	 0.000000000000	3.11242	0.257618	-1	0	
 1.000000000000	 0.440286356549	420.545163679360	730.012749862316	 0.000000000000	 0.000000000000	3.18787	0.239158	-1	0	
 2.000000000000	 0.633795508882	212.520741667528	564.795617195757	 0.000000000000	 0.000000000000	2.00508	0.337007	-0	0	
 2.000000000000	 0.480196337080	479.139644300212	573.976765074371	 0.000000000000	 0.000000000000	2.14414	0.326577	-0	0	
 1.000000000000	 0.438871580948	391.294779508058	436.160697944701	 0.000000000000	 0.000000000000	2.38157	0.272725	-1	0	
 2.000000000000	 0.655797099908	774.597515214331	451.204097638968	 0.000000000000	 0.000000000000	1.68439	0.385559	-0	0	
 2.000000000000	 0.540468837136	517.756421648818	389.208373819949	 0.000000000000	 0.000000000000	1.56966	0.412939	-0	0	
 2.000000000000	 0.495997804681	879.058175680872	507.033741625590	 0.000000000000	 0.000000000000	1.95435	0.353455	-0	0	
 2.000000000000	 0.540901345968	713.791409676955	493.432534559173	 0.000000000000	 0.000000000000	1.88392	0.361407	-0	0	
 2.000000000000	 0.540901345968	635.894269869881	329.689163281745	 0.000000000000	 0.000000000000	1.44179	0.430284	-0	0	
 1.000000000000	 0.509908994301	371.012697121172	351.750201909936	 0.000000000000	 0.000000000000	2.22509	0.286691	-1	0	
 1.000000000000	 0.392981323939	436.963999590191	675.060192880094	 0.000000000000	 0.000000000000	3.05316	0.26439	-1	0	
 1.000000000000	 0.542454877699	360.708761840609	571.840423314315	 0.000000000000	 0.000000000000	2.12844	0.358748	-1	0	
 2.000000000000	 0.658823676638	594.390983350582	619.071362471195	 0.000000000000	 0.000000000000	2.14431	0.321513	-0	0	
 2.000000000000	 0.483613810681	517.157438730002	373.862824173359	 0.000000000000	 0.000000000000	1.60516	0.409998	-0	0	
 2.000000000000	 0.522711037427	296.799530209002	431.756644361148	 0.000000000000	 0.000000000000	1.73111	0.387596	-0	0	
 1.000000000000	 0.512444645309	357.696300544754	352.080670756391	 0.000000000000	 0.000000000000	2.23	0.290177	-1	0	
 2.000000000000	 0.416929129396	525.355815274895	520.138289054511	 0.000000000000	 0.000000000000	2.04404	0.347265	-0	0	
 2.000000000000	 0.422765843334	522.093140393501	361.758468071938	 0.000000000000	 0.000000000000	1.61373	0.413957	-0	0	
 2.000000000000	 0.723387807611	864.194749440985	524.346720268332	 0.000000000000	 0.000000000000	1.88479	0.377706	-0	0	
 2.000000000000	 0.372765588437	509.648710426901	504.643347345479	 0.000000000000	 0.000000000000	2.02917	0.355441	-0	0	
 2.000000000000	 0.383470512744	783.667794132177	363.563493687315	 0.000000000000	 0.000000000000	1.64273	0.413612	-0	0	
 2.000000000000	 0.381665591367	519.001563632588	520.138289054511	 0.000000000000	 0.000000000000	1.59194	0.427323	-0	0	
 2.000000000000	 0.425609355269	601.225375519847	475.049557026069	 0.000000000000	 0.000000000000	1.91693	0.366893	-0	0	
 2.000000000000	 0.521630903562	763.932757038755	273.329276332630	 0.000000000000	 0.000000000000	1.37743	0.490148	-0	0	
 2.000000000000	 0.714101490954	253.241208069672	545.685968094850	 0.000000000000	 0.000000000000	1.94325	0.3658	-0	0	
 2.000000000000	 0.432076923175	522.093140393501	395.882520401707	 0.000000000000	 0.000000000000	1.69893	0.40081	-0	0	
 2.000000000000	 0.544513138327	659.880232111124	202.035363865637	 0.000000000000	 0.000000000000	1.14276	0.495781	-0	0	
 1.000000000000	 0.398319044427	374.876385086290	594.464849967029	 0.000000000000	 0.000000000000	2.78674	0.272873	-1	0	
 1.000000000000	 0.433118765583	358.587692284560	352.080670756391	 0.000000000000	 0.000000000000	2.1441	0.411889	-1	0	
 2.000000000000	 0.372765588437	651.366722881647	504.643347345479	 0.000000000000	 0.000000000000	2.02917	0.355441	-0	0	
 2.000000000000	 0.426352746368	488.978835812852	448.348179702961	 0.000000000000	 0.000000000000	1.41575	0.447726	-0	0	
 2.000000000000	 0.475413780440	607.795629751436	316.396220037039	 0.000000000000	 0.000000000000	1.45393	0.432149	-0	0	
 1.000000000000	 0.365194343353	378.114369365102	776.243837624855	 0.000000000000	 0.000000000000	3.27485	0.267676	-1	0	
 2.000000000000	 0.490411407655	301.735231872501	416.021890474766	 0.000000000000	 0.000000000000	1.71427	0.392625	-0	0	



#Generation 4 / 200
currentGen	4
evaluateCount	200
totalTime	74.3873
firstFrontCount	31
frontCount	2
avgEvalTime	1.57933
#end
Var1	Var2	Var3	Var4	Var5	Var6	Obj1	Obj2	Obj3	Cons1	
 2.000000000000	 0.540901345968	855.509422131701	363.563493687315	 0.000000000000	 0.000000000000	1.49144	0.425442	-0	0	
 2.000000000000	 0.567229052863	889.811573222819	206.585671155291	 0.000000000000	 0.000000000000	1.13883	0.494998	-0	0	
 2.000000000000	 0.669288686230	818.385913641255	281.152835494127	 0.000000000000	 0.000000000000	1.22924	0.462654	-0	0	
 2.000000000000	 0.481622891449	600.544835613569	339.916626558023	 0.000000000000	 0.000000000000	1.51433	0.423332	-0	0	
 1.000000000000	 0.451223783824	420.227660956193	747.609112346472	 0.000000000000	 0.000000000000	3.2353	0.235198	-1	0	
 2.000000000000	 0.684149923817	920.086228766164	613.650317532857	 0.000000000000	 0.000000000000	1.34354	0.449447	-0	0	
 2.000000000000	 0.566972529665	875.320671457919	310.981275467897	 0.000000000000	 0.000000000000	1.36253	0.444132	-0	0	
 2.000000000000	 0.567229052863	889.811573222819	206.585671155291	 0.000000000000	 0.000000000000	1.13883	0.494998	-0	0	
 1.000000000000	 0.438871580948	391.294779508058	436.160697944701	 0.000000000000	 0.000000000000	2.38157	0.272725	-1	0	
 2.000000000000	 0.655797099908	774.597515214331	451.204097638968	 0.000000000000	 0.000000000000	1.68439	0.385559	-0	0	
 2.000000000000	 0.540468837136	517.756421648818	389.208373819949	 0.000000000000	 0.000000000000	1.56966	0.412939	-0	0	
 2.000000000000	 0.540901345968	713.791409676955	493.432534559173	 0.000000000000	 0.000000000000	1.88392	0.361407	-0	0	
 2.000000000000	 0.540901345968	635.894269869881	329.689163281745	 0.000000000000	 0.000000000000	1.44179	0.430284	-0	0	
 1.000000000000	 0.509908994301	371.012697121172	351.750201909936	 0.000000000000	 0.000000000000	2.22509	0.286691	-1	0	
 2.000000000000	 0.483613810681	517.157438730002	373.862824173359	 0.000000000000	 0.000000000000	1.60516	0.409998	-0	0	
 2.000000000000	 0.593598009455	863.667031861968	325.252161085956	 0.000000000000	 0.000000000000	1.34866	0.44423	-0	0	
 1.000000000000	 0.447033296190	446.095917659220	655.535193598606	 0.000000000000	 0.000000000000	3.00215	0.235924	-1	0	
 2.000000000000	 0.532617263648	832.727235779888	196.392981748230	 0.000000000000	 0.000000000000	1.13841	0.498883	-0	0	
 1.000000000000	 0.443250611643	447.229979721191	885.862175887724	 0.000000000000	 0.000000000000	3.31468	0.235018	-1	0	
 2.000000000000	 0.665134596325	773.327924856273	480.791930405921	 0.000000000000	 0.000000000000	1.76546	0.374239	-0	0	
 2.000000000000	 0.662325473075	827.615425057793	272.952357649105	 0.000000000000	 0.000000000000	1.21658	0.466081	-0	0	
 2.000000000000	 0.483613810681	542.831485428345	323.790915903836	 0.000000000000	 0.000000000000	1.46906	0.429512	-0	0	
 2.000000000000	 0.629808597080	458.948962058178	340.871141779260	 0.000000000000	 0.000000000000	1.39344	0.43253	-0	0	
 2.000000000000	 0.506301748326	688.866204091769	206.585671155291	 0.000000000000	 0.000000000000	1.1723	0.485054	-0	0	
 1.000000000000	 0.558020851931	388.183860189074	397.365826617064	 0.000000000000	 0.000000000000	1.9051	0.320258	-1	0	
 1.000000000000	 0.510526122199	324.740803235172	609.583123069106	 0.000000000000	 0.000000000000	2.93245	0.241137	-1	0	
 2.000000000000	 0.592796928258	744.732273660382	281.152835494127	 0.000000000000	 0.000000000000	1.27159	0.453057	-0	0	
 2.000000000000	 0.622674008923	714.280562516421	617.817856968066	 0.000000000000	 0.000000000000	2.15397	0.318544	-0	0	
 1.000000000000	 0.434376587446	436.963999590191	617.261979143520	 0.000000000000	 0.000000000000	2.87799	0.244893	-1	0	
 2.000000000000	 0.615164368424	543.179419210495	619.071362471195	 0.000000000000	 0.000000000000	2.16266	0.317875	-0	0	
 2.000000000000	 0.517451520540	468.830501306877	373.862824173359	 0.000000000000	 0.000000000000	1.57901	0.411581	-0	0	
 2.000000000000	 0.544513138327	659.880232111124	202.035363865637	 0.000000000000	 0.000000000000	1.14276	0.495781	-0	0	
 1.000000000000	 0.440286356549	420.545163679360	730.012749862316	 0.000000000000	 0.000000000000	3.18787	0.239158	-1	0	
 2.000000000000	 0.658823676638	594.390983350582	619.071362471195	 0.000000000000	 0.000000000000	2.14431	0.321513	-0	0	
 1.000000000000	 0.542454877699	360.708761840609	571.840423314315	 0.000000000000	 0.000000000000	2.12844	0.358748	-1	0	
 1.000000000000	 0.512444645309	357.696300544754	352.080670756391	 0.000000000000	 0.000000000000	2.23	0.290177	-1	0	
 1.000000000000	 0.398319044427	374.876385086290	594.464849967029	 0.000000000000	 0.000000000000	2.78674	0.272873	-1	0	
 2.000000000000	 0.567229052863	889.811573222819	274.080515523310	 0.000000000000	 0.000000000000	1.27223	0.45335	-0	0	
 1.000000000000	 0.515084956868	365.351667288591	592.370564155508	 0.000000000000	 0.000000000000	2.89249	0.248847	-1	0	
 1.000000000000	 0.420351244769	432.321094142208	654.530052038900	 0.000000000000	 0.000000000000	2.97346	0.248377	-1	0	
 2.000000000000	 0.480320398881	479.592086253025	369.862583089292	 0.000000000000	 0.000000000000	1.59647	0.411584	-0	0	
 2.000000000000	 0.381665591367	519.001563632588	520.138289054511	 0.000000000000	 0.000000000000	1.59194	0.427323	-0	0	
 2.000000000000	 0.485200771355	525.355815274895	297.825215679962	 0.000000000000	 0.000000000000	1.39683	0.439252	-0	0	
 2.000000000000	 0.432076923175	522.093140393501	395.882520401707	 0.000000000000	 0.000000000000	1.69893	0.40081	-0	0	
 2.000000000000	 0.475413780440	607.795629751436	316.396220037039	 0.000000000000	 0.000000000000	1.45393	0.432149	-0	0	
 2.000000000000	 0.461544583690	313.776582883047	482.533775892904	 0.000000000000	 0.000000000000	1.91147	0.364299	-0	0	
 2.000000000000	 0.723387807611	864.194749440985	524.346720268332	 0.000000000000	 0.000000000000	1.88479	0.377706	-0	0	
 2.000000000000	 0.495997804681	879.058175680872	507.033741625590	 0.000000000000	 0.000000000000	1.95435	0.353455	-0	0	
 2.000000000000	 0.509983389055	620.698027196936	527.033577898694	 0.000000000000	 0.000000000000	1.99677	0.345849	-0	0	
 2.000000000000	 0.714552443518	949.782797898489	506.628531004748	 0.000000000000	 0.000000000000	1.83624	0.380027	-0	0	



#Generation 5 / 200
currentGen	5
evaluateCount	250
totalTime	88.15
firstFrontCount	36
frontCount	2
avgEvalTime	0.914533
#end
Var1	Var2	Var3	Var4	Var5	Var6	Obj1	Obj2	Obj3	Cons1	
 2.000000000000	 0.567229052863	889.811573222819	206.585671155291	 0.000000000000	 0.000000000000	1.13883	0.494998	-0	0	
 2.000000000000	 0.669288686230	818.385913641255	281.152835494127	 0.000000000000	 0.000000000000	1.22924	0.462654	-0	0	
 2.000000000000	 0.684149923817	920.086228766164	613.650317532857	 0.000000000000	 0.000000000000	1.34354	0.449447	-0	0	
 2.000000000000	 0.567229052863	889.811573222819	206.585671155291	 0.000000000000	 0.000000000000	1.13883	0.494998	-0	0	
 2.000000000000	 0.655797099908	774.597515214331	451.204097638968	 0.000000000000	 0.000000000000	1.68439	0.385559	-0	0	
 2.000000000000	 0.540901345968	635.894269869881	329.689163281745	 0.000000000000	 0.000000000000	1.44179	0.430284	-0	0	
 1.000000000000	 0.447033296190	446.095917659220	655.535193598606	 0.000000000000	 0.000000000000	3.00215	0.235924	-1	0	
 2.000000000000	 0.532617263648	832.727235779888	196.392981748230	 0.000000000000	 0.000000000000	1.13841	0.498883	-0	0	
 2.000000000000	 0.665134596325	773.327924856273	480.791930405921	 0.000000000000	 0.000000000000	1.76546	0.374239	-0	0	
 2.000000000000	 0.662325473075	827.615425057793	272.952357649105	 0.000000000000	 0.000000000000	1.21658	0.466081	-0	0	
 2.000000000000	 0.629808597080	458.948962058178	340.871141779260	 0.000000000000	 0.000000000000	1.39344	0.43253	-0	0	
 2.000000000000	 0.506301748326	688.866204091769	206.585671155291	 0.000000000000	 0.000000000000	1.1723	0.485054	-0	0	
 1.000000000000	 0.558020851931	388.183860189074	397.365826617064	 0.000000000000	 0.000000000000	1.9051	0.320258	-1	0	
 1.000000000000	 0.510526122199	324.740803235172	609.583123069106	 0.000000000000	 0.000000000000	2.93245	0.241137	-1	0	
 2.000000000000	 0.592796928258	744.732273660382	281.152835494127	 0.000000000000	 0.000000000000	1.27159	0.453057	-0	0	
 2.000000000000	 0.622674008923	714.280562516421	617.817856968066	 0.000000000000	 0.000000000000	2.15397	0.318544	-0	0	
 2.000000000000	 0.615164368424	543.179419210495	619.071362471195	 0.000000000000	 0.000000000000	2.16266	0.317875	-0	0	
 2.000000000000	 0.517451520540	468.830501306877	373.862824173359	 0.000000000000	 0.000000000000	1.57901	0.411581	-0	0	
 2.000000000000	 0.493155613169	542.831485428345	216.664164912122	 0.000000000000	 0.000000000000	1.19926	0.475659	-0	0	
 1.000000000000	 0.500367191813	371.012697121172	348.015683393074	 0.000000000000	 0.000000000000	2.20033	0.278402	-1	0	
 2.000000000000	 0.495909513065	879.058175680872	403.672325668176	 0.000000000000	 0.000000000000	1.67696	0.397989	-0	0	
 2.000000000000	 0.592796928258	824.233579852383	506.979161430037	 0.000000000000	 0.000000000000	1.88126	0.3578	-0	0	
 2.000000000000	 0.563115654549	713.791409676955	484.016870613134	 0.000000000000	 0.000000000000	1.84348	0.365639	-0	0	
 2.000000000000	 0.647074377649	818.385913641255	418.766419208623	 0.000000000000	 0.000000000000	1.59603	0.399859	-0	0	
 2.000000000000	 0.564220932969	432.654881901902	343.199438466495	 0.000000000000	 0.000000000000	1.46291	0.425589	-0	0	
 2.000000000000	 0.561588791002	545.612454974503	362.634236825808	 0.000000000000	 0.000000000000	1.51753	0.417559	-0	0	
 2.000000000000	 0.629808597080	458.948962058178	294.686351399051	 0.000000000000	 0.000000000000	1.27866	0.450661	-0	0	
 2.000000000000	 0.635425701629	855.509422131701	368.141888620291	 0.000000000000	 0.000000000000	1.47492	0.420191	-0	0	
 1.000000000000	 0.470470706767	425.499762325042	686.442436946796	 0.000000000000	 0.000000000000	3.09282	0.229004	-1	0	
 2.000000000000	 0.618489154429	517.157438730002	373.862824173359	 0.000000000000	 0.000000000000	1.35276	0.440563	-0	0	
 1.000000000000	 0.483322228376	402.563472032376	511.659820117807	 0.000000000000	 0.000000000000	2.35144	0.256161	-1	0	
 2.000000000000	 0.507536627891	620.347382098720	248.835023262452	 0.000000000000	 0.000000000000	1.25465	0.459586	-0	0	
 1.000000000000	 0.509291242634	448.689044264278	564.491747589198	 0.000000000000	 0.000000000000	2.80698	0.242536	-1	0	
 2.000000000000	 0.561279583192	648.165560604476	376.992103221841	 0.000000000000	 0.000000000000	1.55663	0.41161	-0	0	
 2.000000000000	 0.635962886434	818.385913641255	288.490056953423	 0.000000000000	 0.000000000000	1.25658	0.455625	-0	0	
 2.000000000000	 0.626923809251	863.667031861968	317.914939626661	 0.000000000000	 0.000000000000	1.34429	0.440799	-0	0	
 1.000000000000	 0.469837377569	415.679204809987	725.952557679853	 0.000000000000	 0.000000000000	3.1736	0.229095	-1	0	
 2.000000000000	 0.544513138327	659.880232111124	202.035363865637	 0.000000000000	 0.000000000000	1.14276	0.495781	-0	0	
 2.000000000000	 0.658823676638	594.390983350582	619.071362471195	 0.000000000000	 0.000000000000	2.14431	0.321513	-0	0	
 1.000000000000	 0.542454877699	360.708761840609	571.840423314315	 0.000000000000	 0.000000000000	2.12844	0.358748	-1	0	
 1.000000000000	 0.434376587446	436.963999590191	617.261979143520	 0.000000000000	 0.000000000000	2.87799	0.244893	-1	0	
 1.000000000000	 0.438871580948	391.294779508058	436.160697944701	 0.000000000000	 0.000000000000	2.38157	0.272725	-1	0	
 1.000000000000	 0.509908994301	371.012697121172	351.750201909936	 0.000000000000	 0.000000000000	2.22509	0.286691	-1	0	
 2.000000000000	 0.441526655956	688.994204694792	237.055230683706	 0.000000000000	 0.000000000000	1.26881	0.460654	-0	0	
 2.000000000000	 0.714552443518	949.782797898489	506.628531004748	 0.000000000000	 0.000000000000	1.83624	0.380027	-0	0	
 2.000000000000	 0.509983389055	620.698027196936	527.033577898694	 0.000000000000	 0.000000000000	1.99677	0.345849	-0	0	
 2.000000000000	 0.627653123416	543.179419210495	595.874411451914	 0.000000000000	 0.000000000000	2.09216	0.325739	-0	0	
 2.000000000000	 0.532133349524	517.756421648818	430.953018090305	 0.000000000000	 0.000000000000	1.72199	0.388324	-0	0	
 2.000000000000	 0.540901345968	713.791409676955	493.432534559173	 0.000000000000	 0.000000000000	1.88392	0.361407	-0	0	
 2.000000000000	 0.495997804681	879.058175680872	507.033741625590	 0.000000000000	 0.000000000000	1.95435	0.353455	-0	0	



#Generation 6 / 200
currentGen	6
evaluateCount	300
totalTime	105.461
firstFrontCount	49
frontCount	2
avgEvalTime	1.11341
#end
Var1	Var2	Var3	Var4	Var5	Var6	Obj1	Obj2	Obj3	Cons1	
 2.000000000000	 0.567229052863	889.811573222819	206.585671155291	 0.000000000000	 0.000000000000	1.13883	0.494998	-0	0	
 2.000000000000	 0.669288686230	818.385913641255	281.152835494127	 0.000000000000	 0.000000000000	1.22924	0.462654	-0	0	
 2.000000000000	 0.684149923817	920.086228766164	613.650317532857	 0.000000000000	 0.000000000000	1.34354	0.449447	-0	0	
 2.000000000000	 0.567229052863	889.811573222819	206.585671155291	 0.000000000000	 0.000000000000	1.13883	0.494998	-0	0	
 2.000000000000	 0.655797099908	774.597515214331	451.204097638968	 0.000000000000	 0.000000000000	1.68439	0.385559	-0	0	
 2.000000000000	 0.532617263648	832.727235779888	196.392981748230	 0.000000000000	 0.000000000000	1.13841	0.498883	-0	0	
 2.000000000000	 0.665134596325	773.327924856273	480.791930405921	 0.000000000000	 0.000000000000	1.76546	0.374239	-0	0	
 2.000000000000	 0.662325473075	827.615425057793	272.952357649105	 0.000000000000	 0.000000000000	1.21658	0.466081	-0	0	
 2.000000000000	 0.629808597080	458.948962058178	340.871141779260	 0.000000000000	 0.000000000000	1.39344	0.43253	-0	0	
 2.000000000000	 0.506301748326	688.866204091769	206.585671155291	 0.000000000000	 0.000000000000	1.1723	0.485054	-0	0	
 1.000000000000	 0.558020851931	388.183860189074	397.365826617064	 0.000000000000	 0.000000000000	1.9051	0.320258	-1	0	
 1.000000000000	 0.510526122199	324.740803235172	609.583123069106	 0.000000000000	 0.000000000000	2.93245	0.241137	-1	0	
 2.000000000000	 0.592796928258	744.732273660382	281.152835494127	 0.000000000000	 0.000000000000	1.27159	0.453057	-0	0	
 2.000000000000	 0.622674008923	714.280562516421	617.817856968066	 0.000000000000	 0.000000000000	2.15397	0.318544	-0	0	
 2.000000000000	 0.615164368424	543.179419210495	619.071362471195	 0.000000000000	 0.000000000000	2.16266	0.317875	-0	0	
 2.000000000000	 0.517451520540	468.830501306877	373.862824173359	 0.000000000000	 0.000000000000	1.57901	0.411581	-0	0	
 2.000000000000	 0.493155613169	542.831485428345	216.664164912122	 0.000000000000	 0.000000000000	1.19926	0.475659	-0	0	
 1.000000000000	 0.500367191813	371.012697121172	348.015683393074	 0.000000000000	 0.000000000000	2.20033	0.278402	-1	0	
 2.000000000000	 0.592796928258	824.233579852383	506.979161430037	 0.000000000000	 0.000000000000	1.88126	0.3578	-0	0	
 2.000000000000	 0.563115654549	713.791409676955	484.016870613134	 0.000000000000	 0.000000000000	1.84348	0.365639	-0	0	
 2.000000000000	 0.647074377649	818.385913641255	418.766419208623	 0.000000000000	 0.000000000000	1.59603	0.399859	-0	0	
 2.000000000000	 0.564220932969	432.654881901902	343.199438466495	 0.000000000000	 0.000000000000	1.46291	0.425589	-0	0	
 2.000000000000	 0.561588791002	545.612454974503	362.634236825808	 0.000000000000	 0.000000000000	1.51753	0.417559	-0	0	
 2.000000000000	 0.629808597080	458.948962058178	294.686351399051	 0.000000000000	 0.000000000000	1.27866	0.450661	-0	0	
 2.000000000000	 0.635425701629	855.509422131701	368.141888620291	 0.000000000000	 0.000000000000	1.47492	0.420191	-0	0	
 1.000000000000	 0.470470706767	425.499762325042	686.442436946796	 0.000000000000	 0.000000000000	3.09282	0.229004	-1	0	
 2.000000000000	 0.618489154429	517.157438730002	373.862824173359	 0.000000000000	 0.000000000000	1.35276	0.440563	-0	0	
 1.000000000000	 0.483322228376	402.563472032376	511.659820117807	 0.000000000000	 0.000000000000	2.35144	0.256161	-1	0	
 2.000000000000	 0.507536627891	620.347382098720	248.835023262452	 0.000000000000	 0.000000000000	1.25465	0.459586	-0	0	
 1.000000000000	 0.509291242634	448.689044264278	564.491747589198	 0.000000000000	 0.000000000000	2.80698	0.242536	-1	0	
 2.000000000000	 0.561279583192	648.165560604476	376.992103221841	 0.000000000000	 0.000000000000	1.55663	0.41161	-0	0	
 2.000000000000	 0.635962886434	818.385913641255	288.490056953423	 0.000000000000	 0.000000000000	1.25658	0.455625	-0	0	
 2.000000000000	 0.626923809251	863.667031861968	317.914939626661	 0.000000000000	 0.000000000000	1.34429	0.440799	-0	0	
 1.000000000000	 0.509211922677	425.582098802326	331.035218379104	 0.000000000000	 0.000000000000	2.16725	0.292907	-1	0	
 2.000000000000	 0.499160000461	879.058175680872	374.448020854102	 0.000000000000	 0.000000000000	1.59555	0.410194	-0	0	
 2.000000000000	 0.606642680606	755.651524788999	421.082720733385	 0.000000000000	 0.000000000000	1.63913	0.3961	-0	0	
 2.000000000000	 0.611499484547	484.551457370911	427.081345527780	 0.000000000000	 0.000000000000	1.65169	0.393806	-0	0	
 2.000000000000	 0.523484898058	533.754219142709	206.585671155291	 0.000000000000	 0.000000000000	1.16287	0.489007	-0	0	
 1.000000000000	 0.474914020534	446.095917659220	445.097335667925	 0.000000000000	 0.000000000000	2.4357	0.249503	-1	0	
 2.000000000000	 0.648491966263	885.374752383119	458.266661969324	 0.000000000000	 0.000000000000	1.70877	0.381896	-0	0	
 2.000000000000	 0.601202740648	804.992176396963	479.751738391076	 0.000000000000	 0.000000000000	1.80143	0.370221	-0	0	
 2.000000000000	 0.628207273577	793.838918669751	478.431520677929	 0.000000000000	 0.000000000000	1.77815	0.37218	-0	0	
 2.000000000000	 0.671538719436	818.019646846239	492.874612055156	 0.000000000000	 0.000000000000	1.79856	0.370712	-0	0	
 2.000000000000	 0.515784433474	762.942223795123	217.351852009731	 0.000000000000	 0.000000000000	1.18783	0.479436	-0	0	
 2.000000000000	 0.639696055211	814.673236405375	353.116685168384	 0.000000000000	 0.000000000000	1.43094	0.426805	-0	0	
 1.000000000000	 0.509291242634	448.689044264278	564.491747589198	 0.000000000000	 0.000000000000	2.80698	0.242536	-1	0	
 1.000000000000	 0.501569003277	372.045845177385	351.750201909936	 0.000000000000	 0.000000000000	2.21232	0.278034	-1	0	
 1.000000000000	 0.455373287214	318.758993240845	655.535193598606	 0.000000000000	 0.000000000000	2.996	0.234514	-1	0	
 2.000000000000	 0.521950226278	659.880232111124	210.598054760283	 0.000000000000	 0.000000000000	1.17142	0.485643	-0	0	
 2.000000000000	 0.529366776252	714.948332864616	196.392981748230	 0.000000000000	 0.000000000000	1.14015	0.498322	-0	0	



#Generation 7 / 200
currentGen	7
evaluateCount	350
totalTime	117.78
firstFrontCount	50
frontCount	1
avgEvalTime	0.69377
#end
Var1	Var2	Var3	Var4	Var5	Var6	Obj1	Obj2	Obj3	Cons1	
 1.000000000000	 0.470470706767	425.499762325042	686.442436946796	 0.000000000000	 0.000000000000	3.09282	0.229004	-1	0	
 2.000000000000	 0.532617263648	832.727235779888	196.392981748230	 0.000000000000	 0.000000000000	1.13841	0.498883	-0	0	
 1.000000000000	 0.558020851931	388.183860189074	397.365826617064	 0.000000000000	 0.000000000000	1.9051	0.320258	-1	0	
 2.000000000000	 0.615164368424	543.179419210495	619.071362471195	 0.000000000000	 0.000000000000	2.16266	0.317875	-0	0	
 1.000000000000	 0.485141403254	436.427191335460	496.760936553527	 0.000000000000	 0.000000000000	2.58797	0.237702	-1	0	
 1.000000000000	 0.455373287214	318.758993240845	655.535193598606	 0.000000000000	 0.000000000000	2.996	0.234514	-1	0	
 1.000000000000	 0.483322228376	402.563472032376	511.659820117807	 0.000000000000	 0.000000000000	2.35144	0.256161	-1	0	
 1.000000000000	 0.474914020534	446.095917659220	445.097335667925	 0.000000000000	 0.000000000000	2.4357	0.249503	-1	0	
 1.000000000000	 0.509211922677	425.582098802326	331.035218379104	 0.000000000000	 0.000000000000	2.16725	0.292907	-1	0	
 1.000000000000	 0.501569003277	372.045845177385	351.750201909936	 0.000000000000	 0.000000000000	2.21232	0.278034	-1	0	
 2.000000000000	 0.567680362511	809.026948437391	506.979161430037	 0.000000000000	 0.000000000000	1.90159	0.355947	-0	0	
 2.000000000000	 0.622674008923	714.280562516421	617.817856968066	 0.000000000000	 0.000000000000	2.15397	0.318544	-0	0	
 1.000000000000	 0.500367191813	371.012697121172	348.015683393074	 0.000000000000	 0.000000000000	2.20033	0.278402	-1	0	
 2.000000000000	 0.655797099908	774.597515214331	451.204097638968	 0.000000000000	 0.000000000000	1.68439	0.385559	-0	0	
 2.000000000000	 0.629808597080	458.948962058178	294.686351399051	 0.000000000000	 0.000000000000	1.27866	0.450661	-0	0	
 2.000000000000	 0.656702969595	813.771593744745	421.734762289430	 0.000000000000	 0.000000000000	1.33354	0.442068	-0	0	
 2.000000000000	 0.493155613169	542.831485428345	216.664164912122	 0.000000000000	 0.000000000000	1.19926	0.475659	-0	0	
 2.000000000000	 0.662325473075	827.615425057793	272.952357649105	 0.000000000000	 0.000000000000	1.21658	0.466081	-0	0	
 2.000000000000	 0.611499484547	484.551457370911	427.081345527780	 0.000000000000	 0.000000000000	1.65169	0.393806	-0	0	
 2.000000000000	 0.621423322509	698.839404470939	460.648665411092	 0.000000000000	 0.000000000000	1.73511	0.379657	-0	0	
 2.000000000000	 0.561588791002	545.612454974503	362.634236825808	 0.000000000000	 0.000000000000	1.51753	0.417559	-0	0	
 2.000000000000	 0.563115654549	713.791409676955	484.016870613134	 0.000000000000	 0.000000000000	1.84348	0.365639	-0	0	
 2.000000000000	 0.523484898058	533.754219142709	206.585671155291	 0.000000000000	 0.000000000000	1.16287	0.489007	-0	0	
 2.000000000000	 0.606642680606	755.651524788999	421.082720733385	 0.000000000000	 0.000000000000	1.63913	0.3961	-0	0	
 2.000000000000	 0.629808597080	458.948962058178	340.871141779260	 0.000000000000	 0.000000000000	1.39344	0.43253	-0	0	
 2.000000000000	 0.659995352758	888.935228686107	332.814931533924	 0.000000000000	 0.000000000000	1.36004	0.437185	-0	0	
 2.000000000000	 0.665134596325	773.327924856273	480.791930405921	 0.000000000000	 0.000000000000	1.76546	0.374239	-0	0	
 2.000000000000	 0.647074377649	818.385913641255	418.766419208623	 0.000000000000	 0.000000000000	1.59603	0.399859	-0	0	
 2.000000000000	 0.515784433474	762.942223795123	217.351852009731	 0.000000000000	 0.000000000000	1.18783	0.479436	-0	0	
 2.000000000000	 0.648491966263	885.374752383119	458.266661969324	 0.000000000000	 0.000000000000	1.70877	0.381896	-0	0	
 2.000000000000	 0.564220932969	432.654881901902	343.199438466495	 0.000000000000	 0.000000000000	1.46291	0.425589	-0	0	
 2.000000000000	 0.639696055211	814.673236405375	353.116685168384	 0.000000000000	 0.000000000000	1.43094	0.426805	-0	0	
 1.000000000000	 0.459574236376	413.267692960205	669.141802741619	 0.000000000000	 0.000000000000	3.03649	0.232663	-1	0	
 2.000000000000	 0.669288686230	818.385913641255	281.152835494127	 0.000000000000	 0.000000000000	1.22924	0.462654	-0	0	
 1.000000000000	 0.466269757605	404.640287118015	672.835827803783	 0.000000000000	 0.000000000000	3.05194	0.23035	-1	0	
 2.000000000000	 0.564220932969	490.395428363690	374.364363727891	 0.000000000000	 0.000000000000	1.54741	0.4128	-0	0	
 2.000000000000	 0.601202740648	804.992176396963	479.751738391076	 0.000000000000	 0.000000000000	1.80143	0.370221	-0	0	
 2.000000000000	 0.517451520540	468.830501306877	373.862824173359	 0.000000000000	 0.000000000000	1.57901	0.411581	-0	0	
 2.000000000000	 0.618603775697	600.466588194297	340.871141779260	 0.000000000000	 0.000000000000	1.4128	0.430782	-0	0	
 2.000000000000	 0.664741958576	662.034425674357	510.379044106545	 0.000000000000	 0.000000000000	1.84652	0.361765	-0	0	
 2.000000000000	 0.507536627891	620.347382098720	248.835023262452	 0.000000000000	 0.000000000000	1.25465	0.459586	-0	0	
 2.000000000000	 0.609778147947	593.717937276296	402.203572034038	 0.000000000000	 0.000000000000	1.5857	0.404427	-0	0	
 2.000000000000	 0.635425701629	855.509422131701	368.141888620291	 0.000000000000	 0.000000000000	1.47492	0.420191	-0	0	
 2.000000000000	 0.635962886434	818.385913641255	288.490056953423	 0.000000000000	 0.000000000000	1.25658	0.455625	-0	0	
 2.000000000000	 0.604001749640	682.715953716264	506.979161430037	 0.000000000000	 0.000000000000	1.87227	0.358808	-0	0	
 2.000000000000	 0.631209777530	776.631708917804	375.109364746877	 0.000000000000	 0.000000000000	1.48536	0.419185	-0	0	
 2.000000000000	 0.506301748326	688.866204091769	206.585671155291	 0.000000000000	 0.000000000000	1.1723	0.485054	-0	0	
 2.000000000000	 0.628207273577	793.838918669751	478.431520677929	 0.000000000000	 0.000000000000	1.77815	0.37218	-0	0	
 2.000000000000	 0.592796928258	744.732273660382	281.152835494127	 0.000000000000	 0.000000000000	1.27159	0.453057	-0	0	
 2.000000000000	 0.567229052863	889.811573222819	206.585671155291	 0.000000000000	 0.000000000000	1.13883	0.494998	-0	0	



#Generation 8 / 200
currentGen	8
evaluateCount	400
totalTime	141.326
firstFrontCount	50
frontCount	1
avgEvalTime	1.38374
#end
Var1	Var2	Var3	Var4	Var5	Var6	Obj1	Obj2	Obj3	Cons1	
 2.000000000000	 0.532617263648	832.727235779888	196.392981748230	 0.000000000000	 0.000000000000	1.13841	0.498883	-0	0	
 1.000000000000	 0.474274485080	416.543205984487	669.141802741619	 0.000000000000	 0.000000000000	3.0489	0.228184	-1	0	
 2.000000000000	 0.532617263648	832.727235779888	196.392981748230	 0.000000000000	 0.000000000000	1.13841	0.498883	-0	0	
 1.000000000000	 0.558020851931	388.183860189074	397.365826617064	 0.000000000000	 0.000000000000	1.9051	0.320258	-1	0	
 2.000000000000	 0.567680362511	809.026948437391	506.979161430037	 0.000000000000	 0.000000000000	1.90159	0.355947	-0	0	
 1.000000000000	 0.485141403254	436.427191335460	496.760936553527	 0.000000000000	 0.000000000000	2.58797	0.237702	-1	0	
 1.000000000000	 0.481268646965	418.492025068079	384.248294597312	 0.000000000000	 0.000000000000	2.11994	0.282549	-1	0	
 1.000000000000	 0.455373287214	318.758993240845	655.535193598606	 0.000000000000	 0.000000000000	2.996	0.234514	-1	0	
 1.000000000000	 0.474914020534	446.095917659220	445.097335667925	 0.000000000000	 0.000000000000	2.4357	0.249503	-1	0	
 1.000000000000	 0.483322228376	402.563472032376	511.659820117807	 0.000000000000	 0.000000000000	2.35144	0.256161	-1	0	
 1.000000000000	 0.494012565382	315.908202615478	373.270253855931	 0.000000000000	 0.000000000000	2.26065	0.267189	-1	0	
 2.000000000000	 0.656702969595	813.771593744745	421.734762289430	 0.000000000000	 0.000000000000	1.33354	0.442068	-0	0	
 2.000000000000	 0.629808597080	458.948962058178	294.686351399051	 0.000000000000	 0.000000000000	1.27866	0.450661	-0	0	
 1.000000000000	 0.501569003277	372.045845177385	351.750201909936	 0.000000000000	 0.000000000000	2.21232	0.278034	-1	0	
 2.000000000000	 0.596879036383	813.771593744745	372.642487860835	 0.000000000000	 0.000000000000	1.51591	0.415946	-0	0	
 2.000000000000	 0.664784868546	516.868672255646	400.197568740051	 0.000000000000	 0.000000000000	1.54465	0.409007	-0	0	
 2.000000000000	 0.647074377649	818.385913641255	418.766419208623	 0.000000000000	 0.000000000000	1.59603	0.399859	-0	0	
 1.000000000000	 0.494511673973	422.306585778045	331.035218379104	 0.000000000000	 0.000000000000	2.1456	0.280878	-1	0	
 2.000000000000	 0.523484898058	533.754219142709	206.585671155291	 0.000000000000	 0.000000000000	1.16287	0.489007	-0	0	
 2.000000000000	 0.611499484547	484.551457370911	427.081345527780	 0.000000000000	 0.000000000000	1.65169	0.393806	-0	0	
 2.000000000000	 0.606642680606	755.651524788999	421.082720733385	 0.000000000000	 0.000000000000	1.63913	0.3961	-0	0	
 1.000000000000	 0.459574236376	413.267692960205	669.141802741619	 0.000000000000	 0.000000000000	3.03649	0.232663	-1	0	
 2.000000000000	 0.604001749640	682.715953716264	506.979161430037	 0.000000000000	 0.000000000000	1.87227	0.358808	-0	0	
 2.000000000000	 0.662325473075	827.615425057793	272.952357649105	 0.000000000000	 0.000000000000	1.21658	0.466081	-0	0	
 2.000000000000	 0.567229052863	889.811573222819	206.585671155291	 0.000000000000	 0.000000000000	1.13883	0.494998	-0	0	
 2.000000000000	 0.515784433474	762.942223795123	217.351852009731	 0.000000000000	 0.000000000000	1.18783	0.479436	-0	0	
 2.000000000000	 0.506301748326	688.866204091769	206.585671155291	 0.000000000000	 0.000000000000	1.1723	0.485054	-0	0	
 2.000000000000	 0.648491966263	885.374752383119	458.266661969324	 0.000000000000	 0.000000000000	1.70877	0.381896	-0	0	
 2.000000000000	 0.655797099908	774.597515214331	448.410817273317	 0.000000000000	 0.000000000000	1.67674	0.38678	-0	0	
 2.000000000000	 0.564220932969	432.654881901902	343.199438466495	 0.000000000000	 0.000000000000	1.46291	0.425589	-0	0	
 1.000000000000	 0.500367191813	371.012697121172	348.015683393074	 0.000000000000	 0.000000000000	2.20033	0.278402	-1	0	
 2.000000000000	 0.639696055211	814.673236405375	353.116685168384	 0.000000000000	 0.000000000000	1.43094	0.426805	-0	0	
 2.000000000000	 0.563115654549	713.791409676955	484.016870613134	 0.000000000000	 0.000000000000	1.84348	0.365639	-0	0	
 2.000000000000	 0.592441196860	832.727235779888	245.485256176825	 0.000000000000	 0.000000000000	1.20032	0.472175	-0	0	
 2.000000000000	 0.669288686230	818.385913641255	281.152835494127	 0.000000000000	 0.000000000000	1.22924	0.462654	-0	0	
 2.000000000000	 0.659995352758	888.935228686107	332.814931533924	 0.000000000000	 0.000000000000	1.36004	0.437185	-0	0	
 2.000000000000	 0.609778147947	593.717937276296	402.203572034038	 0.000000000000	 0.000000000000	1.5857	0.404427	-0	0	
 2.000000000000	 0.618603775697	600.466588194297	340.871141779260	 0.000000000000	 0.000000000000	1.4128	0.430782	-0	0	
 2.000000000000	 0.664741958576	662.034425674357	510.379044106545	 0.000000000000	 0.000000000000	1.84652	0.361765	-0	0	
 2.000000000000	 0.507536627891	620.347382098720	248.835023262452	 0.000000000000	 0.000000000000	1.25465	0.459586	-0	0	
 2.000000000000	 0.590733201976	585.035313541365	391.114700582098	 0.000000000000	 0.000000000000	1.57117	0.407577	-0	0	
 2.000000000000	 0.642414186928	878.896982934517	372.475792578144	 0.000000000000	 0.000000000000	1.48146	0.418744	-0	0	
 2.000000000000	 0.665134596325	773.327924856273	480.791930405921	 0.000000000000	 0.000000000000	1.76546	0.374239	-0	0	
 2.000000000000	 0.621423322509	698.839404470939	460.648665411092	 0.000000000000	 0.000000000000	1.73511	0.379657	-0	0	
 2.000000000000	 0.593992933413	720.023195298499	459.467571253233	 0.000000000000	 0.000000000000	1.75278	0.378371	-0	0	
 2.000000000000	 0.588832768811	797.621608721829	479.812501836285	 0.000000000000	 0.000000000000	1.81176	0.369046	-0	0	
 2.000000000000	 0.635425701629	855.509422131701	368.141888620291	 0.000000000000	 0.000000000000	1.47492	0.420191	-0	0	
 2.000000000000	 0.655797099908	774.597515214331	451.204097638968	 0.000000000000	 0.000000000000	1.68439	0.385559	-0	0	
 2.000000000000	 0.493155613169	542.831485428345	216.664164912122	 0.000000000000	 0.000000000000	1.19926	0.475659	-0	0	
 2.000000000000	 0.635962886434	818.385913641255	288.490056953423	 0.000000000000	 0.000000000000	1.25658	0.455625	-0	0	



#Generation 9 / 200
currentGen	9
evaluateCount	450
totalTime	162.004
firstFrontCount	50
frontCount	1
avgEvalTime	1.45485
#end
Var1	Var2	Var3	Var4	Var5	Var6	Obj1	Obj2	Obj3	Cons1	
 1.000000000000	 0.503211776901	523.706315915736	319.394451000850	 0.000000000000	 0.000000000000	1.87091	0.499086	-1	0	
 2.000000000000	 0.532617263648	832.727235779888	196.392981748230	 0.000000000000	 0.000000000000	1.13841	0.498883	-0	0	
 1.000000000000	 0.474274485080	416.543205984487	669.141802741619	 0.000000000000	 0.000000000000	3.0489	0.228184	-1	0	
 2.000000000000	 0.532617263648	832.727235779888	196.392981748230	 0.000000000000	 0.000000000000	1.13841	0.498883	-0	0	
 2.000000000000	 0.633437324508	758.722663791144	523.499242798523	 0.000000000000	 0.000000000000	1.89519	0.353275	-0	0	
 1.000000000000	 0.558020851931	388.183860189074	397.365826617064	 0.000000000000	 0.000000000000	1.9051	0.320258	-1	0	
 1.000000000000	 0.485141403254	436.427191335460	496.760936553527	 0.000000000000	 0.000000000000	2.58797	0.237702	-1	0	
 1.000000000000	 0.490690747129	421.841124239175	301.926969515535	 0.000000000000	 0.000000000000	2.06087	0.289002	-1	0	
 1.000000000000	 0.505971756897	309.585898302584	626.434490349017	 0.000000000000	 0.000000000000	2.97153	0.235305	-1	0	
 1.000000000000	 0.483322228376	402.563472032376	511.659820117807	 0.000000000000	 0.000000000000	2.35144	0.256161	-1	0	
 1.000000000000	 0.494012565382	315.908202615478	373.270253855931	 0.000000000000	 0.000000000000	2.26065	0.267189	-1	0	
 1.000000000000	 0.494012565382	395.280460279711	443.013676322457	 0.000000000000	 0.000000000000	2.45172	0.248514	-1	0	
 1.000000000000	 0.474914020534	446.095917659220	445.097335667925	 0.000000000000	 0.000000000000	2.4357	0.249503	-1	0	
 2.000000000000	 0.618603775697	600.466588194297	340.871141779260	 0.000000000000	 0.000000000000	1.4128	0.430782	-0	0	
 1.000000000000	 0.481268646965	418.492025068079	384.248294597312	 0.000000000000	 0.000000000000	2.11994	0.282549	-1	0	
 1.000000000000	 0.501569003277	372.045845177385	351.750201909936	 0.000000000000	 0.000000000000	2.21232	0.278034	-1	0	
 2.000000000000	 0.659995352758	888.935228686107	332.814931533924	 0.000000000000	 0.000000000000	1.36004	0.437185	-0	0	
 2.000000000000	 0.629808597080	458.948962058178	294.686351399051	 0.000000000000	 0.000000000000	1.27866	0.450661	-0	0	
 2.000000000000	 0.588832768811	797.621608721829	479.812501836285	 0.000000000000	 0.000000000000	1.81176	0.369046	-0	0	
 2.000000000000	 0.647074377649	818.385913641255	418.766419208623	 0.000000000000	 0.000000000000	1.59603	0.399859	-0	0	
 1.000000000000	 0.494511673973	422.306585778045	331.035218379104	 0.000000000000	 0.000000000000	2.1456	0.280878	-1	0	
 2.000000000000	 0.639696055211	814.673236405375	353.116685168384	 0.000000000000	 0.000000000000	1.43094	0.426805	-0	0	
 2.000000000000	 0.523484898058	533.754219142709	206.585671155291	 0.000000000000	 0.000000000000	1.16287	0.489007	-0	0	
 2.000000000000	 0.611499484547	484.551457370911	427.081345527780	 0.000000000000	 0.000000000000	1.65169	0.393806	-0	0	
 2.000000000000	 0.606642680606	755.651524788999	421.082720733385	 0.000000000000	 0.000000000000	1.63913	0.3961	-0	0	
 1.000000000000	 0.459574236376	413.267692960205	669.141802741619	 0.000000000000	 0.000000000000	3.03649	0.232663	-1	0	
 2.000000000000	 0.567229052863	889.811573222819	206.585671155291	 0.000000000000	 0.000000000000	1.13883	0.494998	-0	0	
 2.000000000000	 0.515784433474	762.942223795123	217.351852009731	 0.000000000000	 0.000000000000	1.18783	0.479436	-0	0	
 2.000000000000	 0.506301748326	688.866204091769	206.585671155291	 0.000000000000	 0.000000000000	1.1723	0.485054	-0	0	
 2.000000000000	 0.648491966263	885.374752383119	458.266661969324	 0.000000000000	 0.000000000000	1.70877	0.381896	-0	0	
 2.000000000000	 0.655797099908	774.597515214331	448.410817273317	 0.000000000000	 0.000000000000	1.67674	0.38678	-0	0	
 2.000000000000	 0.623468473161	814.241520760568	360.491955085272	 0.000000000000	 0.000000000000	1.46272	0.422835	-0	0	
 2.000000000000	 0.635962886434	818.385913641255	288.490056953423	 0.000000000000	 0.000000000000	1.25658	0.455625	-0	0	
 1.000000000000	 0.500367191813	371.012697121172	348.015683393074	 0.000000000000	 0.000000000000	2.20033	0.278402	-1	0	
 2.000000000000	 0.563115654549	713.791409676955	484.016870613134	 0.000000000000	 0.000000000000	1.84348	0.365639	-0	0	
 2.000000000000	 0.604001749640	682.715953716264	506.979161430037	 0.000000000000	 0.000000000000	1.87227	0.358808	-0	0	
 1.000000000000	 0.455373287214	318.758993240845	655.535193598606	 0.000000000000	 0.000000000000	2.996	0.234514	-1	0	
 2.000000000000	 0.599620757980	715.865821618769	472.076004979198	 0.000000000000	 0.000000000000	1.78207	0.373408	-0	0	
 2.000000000000	 0.532617263648	805.980015119220	283.652905193640	 0.000000000000	 0.000000000000	1.32106	0.447816	-0	0	
 2.000000000000	 0.609778147947	593.717937276296	402.203572034038	 0.000000000000	 0.000000000000	1.5857	0.404427	-0	0	
 2.000000000000	 0.621326151408	873.592385130728	389.124946185260	 0.000000000000	 0.000000000000	1.54193	0.410608	-0	0	
 2.000000000000	 0.590733201976	585.035313541365	391.114700582098	 0.000000000000	 0.000000000000	1.57117	0.407577	-0	0	
 2.000000000000	 0.662325473075	827.615425057793	272.952357649105	 0.000000000000	 0.000000000000	1.21658	0.466081	-0	0	
 2.000000000000	 0.642414186928	878.896982934517	372.475792578144	 0.000000000000	 0.000000000000	1.48146	0.418744	-0	0	
 2.000000000000	 0.621423322509	698.839404470939	460.648665411092	 0.000000000000	 0.000000000000	1.73511	0.379657	-0	0	
 2.000000000000	 0.593992933413	720.023195298499	459.467571253233	 0.000000000000	 0.000000000000	1.75278	0.378371	-0	0	
 2.000000000000	 0.669288686230	818.385913641255	281.152835494127	 0.000000000000	 0.000000000000	1.22924	0.462654	-0	0	
 2.000000000000	 0.655797099908	774.597515214331	451.204097638968	 0.000000000000	 0.000000000000	1.68439	0.385559	-0	0	
 2.000000000000	 0.665134596325	773.327924856273	480.791930405921	 0.000000000000	 0.000000000000	1.76546	0.374239	-0	0	
 2.000000000000	 0.493155613169	542.831485428345	216.664164912122	 0.000000000000	 0.000000000000	1.19926	0.475659	-0	0	



#Generation 10 / 200
currentGen	10
evaluateCount	500
totalTime	198.463
firstFrontCount	50
frontCount	1
avgEvalTime	1.64348
#end
Var1	Var2	Var3	Var4	Var5	Var6	Obj1	Obj2	Obj3	Cons1	
 2.000000000000	 0.532617263648	832.727235779888	196.392981748230	 0.000000000000	 0.000000000000	1.13841	0.498883	-0	0	
 1.000000000000	 0.474274485080	416.543205984487	669.141802741619	 0.000000000000	 0.000000000000	3.0489	0.228184	-1	0	
 2.000000000000	 0.532617263648	832.727235779888	196.392981748230	 0.000000000000	 0.000000000000	1.13841	0.498883	-0	0	
 1.000000000000	 0.503211776901	523.706315915736	319.394451000850	 0.000000000000	 0.000000000000	1.87091	0.499086	-1	0	
 2.000000000000	 0.633437324508	758.722663791144	523.499242798523	 0.000000000000	 0.000000000000	1.89519	0.353275	-0	0	
 1.000000000000	 0.558020851931	388.183860189074	397.365826617064	 0.000000000000	 0.000000000000	1.9051	0.320258	-1	0	
 1.000000000000	 0.474274485080	411.911430347994	564.498192829777	 0.000000000000	 0.000000000000	2.76221	0.232186	-1	0	
 1.000000000000	 0.485141403254	436.427191335460	496.760936553527	 0.000000000000	 0.000000000000	2.58797	0.237702	-1	0	
 1.000000000000	 0.485942144110	282.918956302099	373.270253855931	 0.000000000000	 0.000000000000	2.02883	0.290848	-1	0	
 1.000000000000	 0.464282194264	381.404871191881	657.621288122977	 0.000000000000	 0.000000000000	3.00863	0.231221	-1	0	
 1.000000000000	 0.483322228376	402.563472032376	511.659820117807	 0.000000000000	 0.000000000000	2.35144	0.256161	-1	0	
 1.000000000000	 0.494012565382	315.908202615478	373.270253855931	 0.000000000000	 0.000000000000	2.26065	0.267189	-1	0	
 1.000000000000	 0.494012565382	395.280460279711	443.013676322457	 0.000000000000	 0.000000000000	2.45172	0.248514	-1	0	
 2.000000000000	 0.532617263648	805.980015119220	283.652905193640	 0.000000000000	 0.000000000000	1.32106	0.447816	-0	0	
 2.000000000000	 0.642414186928	878.896982934517	372.475792578144	 0.000000000000	 0.000000000000	1.48146	0.418744	-0	0	
 2.000000000000	 0.621326151408	873.592385130728	389.124946185260	 0.000000000000	 0.000000000000	1.54193	0.410608	-0	0	
 2.000000000000	 0.659995352758	888.935228686107	332.814931533924	 0.000000000000	 0.000000000000	1.36004	0.437185	-0	0	
 1.000000000000	 0.474914020534	446.095917659220	445.097335667925	 0.000000000000	 0.000000000000	2.4357	0.249503	-1	0	
 1.000000000000	 0.490690747129	421.841124239175	301.926969515535	 0.000000000000	 0.000000000000	2.06087	0.289002	-1	0	
 1.000000000000	 0.481268646965	418.492025068079	384.248294597312	 0.000000000000	 0.000000000000	2.11994	0.282549	-1	0	
 1.000000000000	 0.500429089262	421.765223665047	351.191140085219	 0.000000000000	 0.000000000000	2.20912	0.277393	-1	0	
 2.000000000000	 0.635962886434	818.385913641255	288.490056953423	 0.000000000000	 0.000000000000	1.25658	0.455625	-0	0	
 2.000000000000	 0.563115654549	713.791409676955	484.016870613134	 0.000000000000	 0.000000000000	1.84348	0.365639	-0	0	
 2.000000000000	 0.629808597080	458.948962058178	294.686351399051	 0.000000000000	 0.000000000000	1.27866	0.450661	-0	0	
 2.000000000000	 0.604001749640	682.715953716264	506.979161430037	 0.000000000000	 0.000000000000	1.87227	0.358808	-0	0	
 2.000000000000	 0.623468473161	814.241520760568	360.491955085272	 0.000000000000	 0.000000000000	1.46272	0.422835	-0	0	
 1.000000000000	 0.494511673973	422.306585778045	331.035218379104	 0.000000000000	 0.000000000000	2.1456	0.280878	-1	0	
 2.000000000000	 0.656534637303	861.390610369970	356.688077822145	 0.000000000000	 0.000000000000	1.42717	0.426625	-0	0	
 2.000000000000	 0.653113407379	714.682651787167	436.882588043949	 0.000000000000	 0.000000000000	1.64738	0.391591	-0	0	
 2.000000000000	 0.506301748326	688.866204091769	206.585671155291	 0.000000000000	 0.000000000000	1.1723	0.485054	-0	0	
 2.000000000000	 0.669288686230	818.385913641255	281.152835494127	 0.000000000000	 0.000000000000	1.22924	0.462654	-0	0	
 2.000000000000	 0.647074377649	818.385913641255	418.766419208623	 0.000000000000	 0.000000000000	1.59603	0.399859	-0	0	
 2.000000000000	 0.567229052863	889.811573222819	206.585671155291	 0.000000000000	 0.000000000000	1.13883	0.494998	-0	0	
 2.000000000000	 0.618603775697	600.466588194297	340.871141779260	 0.000000000000	 0.000000000000	1.4128	0.430782	-0	0	
 2.000000000000	 0.561945296004	832.727235779888	229.000125794854	 0.000000000000	 0.000000000000	1.18506	0.477454	-0	0	
 2.000000000000	 0.648491966263	885.374752383119	458.266661969324	 0.000000000000	 0.000000000000	1.70877	0.381896	-0	0	
 1.000000000000	 0.500367191813	371.012697121172	348.015683393074	 0.000000000000	 0.000000000000	2.20033	0.278402	-1	0	
 2.000000000000	 0.588832768811	797.621608721829	479.812501836285	 0.000000000000	 0.000000000000	1.81176	0.369046	-0	0	
 2.000000000000	 0.554543653601	885.088765803254	239.877393274565	 0.000000000000	 0.000000000000	1.21047	0.469605	-0	0	
 2.000000000000	 0.493155613169	542.831485428345	216.664164912122	 0.000000000000	 0.000000000000	1.19926	0.475659	-0	0	
 2.000000000000	 0.655797099908	774.597515214331	448.410817273317	 0.000000000000	 0.000000000000	1.67674	0.38678	-0	0	
 2.000000000000	 0.632104637483	814.241520760568	405.807967166347	 0.000000000000	 0.000000000000	1.57944	0.403899	-0	0	
 2.000000000000	 0.648491966263	869.872966905821	425.659517922701	 0.000000000000	 0.000000000000	1.62077	0.396147	-0	0	
 2.000000000000	 0.523484898058	533.754219142709	206.585671155291	 0.000000000000	 0.000000000000	1.16287	0.489007	-0	0	
 2.000000000000	 0.649389780598	839.755963831388	470.272753960239	 0.000000000000	 0.000000000000	1.74039	0.376726	-0	0	
 2.000000000000	 0.621423322509	698.839404470939	460.648665411092	 0.000000000000	 0.000000000000	1.73511	0.379657	-0	0	
 2.000000000000	 0.655797099908	774.597515214331	451.204097638968	 0.000000000000	 0.000000000000	1.68439	0.385559	-0	0	
 2.000000000000	 0.665134596325	773.327924856273	480.791930405921	 0.000000000000	 0.000000000000	1.76546	0.374239	-0	0	
 2.000000000000	 0.616450540241	831.066264364928	480.599748937170	 0.000000000000	 0.000000000000	1.79231	0.37081	-0	0	
 2.000000000000	 0.606642680606	755.651524788999	421.082720733385	 0.000000000000	 0.000000000000	1.63913	0.3961	-0	0	



