#NSGA2
popsize 50
maxGen 10
numVar 6
numObj 3
numCons 1
stateFieldNames	currentGen	evaluateCount	totalTime	firstFrontCount	frontCount	avgEvalTime	
#end


#Generation 1 / 10
currentGen	1
evaluateCount	50
totalTime	17.2404
firstFrontCount	9
frontCount	6
avgEvalTime	1.21105
#end
Var1	Var2	Var3	Var4	Var5	Var6	Obj1	Obj2	Obj3	Cons1	
 2.000000000000	 0.905791937076	214.288134664155	922.038270525117	 0.000000000000	 0.000000000000	10	1	-0	1	
 1.000000000000	 0.546881519205	961.756151890868	968.399681679349	 0.000000000000	 0.000000000000	5.18837	0.619891	-1	0.5	
 2.000000000000	 0.485375648723	820.252421999920	227.697704764494	 0.000000000000	 0.000000000000	1.22529	0.468021	-0	0	
 2.000000000000	 0.959492426393	690.166629240928	132.140510716771	 0.000000000000	 0.000000000000	0.810248	0.711704	-0	0.5	
 2.000000000000	 0.757740130578	768.819221312425	453.004317580751	 0.000000000000	 0.000000000000	1.68933	0.424592	-0	0	
 2.000000000000	 0.031832846377	349.230686464801	141.554251568039	 0.000000000000	 0.000000000000	10	1	-0	1	
 2.000000000000	 0.317099480061	955.199843954519	131.001472452618	 0.000000000000	 0.000000000000	10	1	-0	1	
 2.000000000000	 0.795199901137	268.185344098941	540.787956209408	 0.000000000000	 0.000000000000	1.92983	0.421433	-0	0	
 2.000000000000	 0.754686681982	348.422569298721	711.732409168307	 0.000000000000	 0.000000000000	2.39817	0.358283	-0	0	
 1.000000000000	 0.498364051982	963.769562664473	406.347153999520	 0.000000000000	 0.000000000000	4.53751	0.542102	-1	0.5	
 2.000000000000	 0.255095115459	555.361346498628	729.169050391017	 0.000000000000	 0.000000000000	10	1	-0	1	
 2.000000000000	 0.138624442829	234.364605003152	331.757428711363	 0.000000000000	 0.000000000000	10	1	-0	1	
 2.000000000000	 0.243524968725	936.337260868505	414.985389386328	 0.000000000000	 0.000000000000	1.7361	0.466447	-0	0	
 2.000000000000	 0.473288848903	416.493556356697	847.745765106662	 0.000000000000	 0.000000000000	10	1	-0	1	
 2.000000000000	 0.285839018820	781.480206199649	778.356184850646	 0.000000000000	 0.000000000000	10	1	-0	1	
 1.000000000000	 0.053950118667	577.717797708075	801.250507091810	 0.000000000000	 0.000000000000	10	1	-1	2	
 2.000000000000	 0.469390641058	110.711862551117	403.410379958993	 0.000000000000	 0.000000000000	1.69391	0.398012	-0	0	
 1.000000000000	 0.528533135506	249.083856549803	641.783747261473	 0.000000000000	 0.000000000000	3.04818	0.270505	-1	0	
 2.000000000000	 0.748151592824	505.487438652248	175.439240197239	 0.000000000000	 0.000000000000	0.98374	0.571957	-0	0.5	
 1.000000000000	 0.825816977490	584.508191734051	996.521244964197	 0.000000000000	 0.000000000000	10	1	-1	1	
 1.000000000000	 0.961898080855	104.170801720661	797.419418240352	 0.000000000000	 0.000000000000	10	1	-1	2	
 1.000000000000	 0.399782649099	333.883362565589	820.061632201877	 0.000000000000	 0.000000000000	3.40546	0.252486	-1	0	
 1.000000000000	 0.263802916522	230.985082346245	222.461702837797	 0.000000000000	 0.000000000000	10	1	-1	1	
 2.000000000000	 0.144954798224	867.728005949704	659.849618336559	 0.000000000000	 0.000000000000	10	1	-0	1	
 1.000000000000	 0.075966691691	315.924538198292	210.987041351649	 0.000000000000	 0.000000000000	10	1	-1	1	
 1.000000000000	 0.049654430326	912.444498923753	950.308470749481	 0.000000000000	 0.000000000000	10	1	-1	1	
 1.000000000000	 0.900053846418	432.322103008194	200.082479764409	 0.000000000000	 0.000000000000	10	1	-1	1	
 1.000000000000	 0.403912145588	186.809072651550	218.775963345702	 0.000000000000	 0.000000000000	10	1	-1	1	
 2.000000000000	 0.059779542947	311.301922035166	417.842714099864	 0.000000000000	 0.000000000000	10	1	-0	1	
 1.000000000000	 0.168990029463	684.203927460807	758.550147092803	 0.000000000000	 0.000000000000	10	1	-1	2	
 2.000000000000	 0.296320805608	770.223526366741	270.059513529290	 0.000000000000	 0.000000000000	10	1	-0	1	
 1.000000000000	 0.625618560730	802.204691636239	173.013191979207	 0.000000000000	 0.000000000000	10	1	-1	2	
 1.000000000000	 0.435858588581	502.105374486826	375.714524814902	 0.000000000000	 0.000000000000	2.39332	0.361741	-1	0	
 2.000000000000	 0.794831416883	679.886317174322	440.748444394242	 0.000000000000	 0.000000000000	1.65575	0.45328	-0	0	
 1.000000000000	 0.939001562000	888.348530343685	595.140708608580	 0.000000000000	 0.000000000000	10	1	-1	1	
 1.000000000000	 0.301246330279	523.831013665832	307.439344190403	 0.000000000000	 0.000000000000	2.33005	0.393068	-1	0	
 1.000000000000	 0.170708047148	304.897868034898	492.128815693509	 0.000000000000	 0.000000000000	10	1	-1	1	
 1.000000000000	 0.184816320124	914.392871811904	981.773540520477	 0.000000000000	 0.000000000000	10	1	-1	1	
 1.000000000000	 0.408719846113	635.406466607753	335.990573002761	 0.000000000000	 0.000000000000	10	1	-1	1	
 1.000000000000	 0.117417650856	367.008285896494	386.900471733294	 0.000000000000	 0.000000000000	10	1	-1	1	
 1.000000000000	 0.262482234698	820.913160492765	126.298249805932	 0.000000000000	 0.000000000000	10	1	-1	1	
 1.000000000000	 0.578525061023	313.555221794369	512.963945361938	 0.000000000000	 0.000000000000	10	1	-1	1	
 2.000000000000	 0.231594386709	540.007969528150	661.654079356321	 0.000000000000	 0.000000000000	10	1	-0	1	
 1.000000000000	 0.987982003162	133.964979615597	896.651207382228	 0.000000000000	 0.000000000000	10	1	-1	2	
 1.000000000000	 0.261871183871	401.821155966517	711.755156239604	 0.000000000000	 0.000000000000	3.10296	0.356223	-1	0	
 1.000000000000	 0.653757348669	544.756542975343	801.146550908148	 0.000000000000	 0.000000000000	10	1	-1	1	
 2.000000000000	 0.334163052737	728.871249101315	278.028844017336	 0.000000000000	 0.000000000000	10	1	-0	1	
 2.000000000000	 0.479922141146	914.250014260626	648.879983580303	 0.000000000000	 0.000000000000	2.34371	0.303817	-0	0	
 2.000000000000	 0.576721515615	264.630222473423	315.938809511846	 0.000000000000	 0.000000000000	1.37907	0.437361	-0	0	
 1.000000000000	 0.167927145682	980.812584677043	741.425024511023	 0.000000000000	 0.000000000000	5.16491	0.478433	-1	0	



#Generation 2 / 10
currentGen	2
evaluateCount	100
totalTime	35.3519
firstFrontCount	14
frontCount	7
avgEvalTime	0.749623
#end
Var1	Var2	Var3	Var4	Var5	Var6	Obj1	Obj2	Obj3	Cons1	
 2.000000000000	 0.485375648723	820.252421999920	227.697704764494	 0.000000000000	 0.000000000000	1.22529	0.468021	-0	0	
 2.000000000000	 0.469390641058	110.711862551117	403.410379958993	 0.000000000000	 0.000000000000	1.69391	0.398012	-0	0	
 2.000000000000	 0.479922141146	914.250014260626	648.879983580303	 0.000000000000	 0.000000000000	2.34371	0.303817	-0	0	
 2.000000000000	 0.576721515615	264.630222473423	315.938809511846	 0.000000000000	 0.000000000000	1.37907	0.437361	-0	0	
 2.000000000000	 0.485375648723	820.252421999920	227.697704764494	 0.000000000000	 0.000000000000	1.22529	0.468021	-0	0	
 2.000000000000	 0.485375648723	985.147887342870	227.697704764494	 0.000000000000	 0.000000000000	1.22529	0.468021	-0	0	
 1.000000000000	 0.537624867494	410.466367944670	506.975941449962	 0.000000000000	 0.000000000000	2.17068	0.353457	-1	0	
 2.000000000000	 0.619897912184	768.819221312425	597.026466687028	 0.000000000000	 0.000000000000	2.10075	0.325086	-0	0	
 2.000000000000	 0.635067404800	405.794644439015	443.186634935177	 0.000000000000	 0.000000000000	1.55779	0.419853	-0	0	
 1.000000000000	 0.423918449176	419.764347487190	453.523705428586	 0.000000000000	 0.000000000000	2.41643	0.278828	-1	0	
 2.000000000000	 0.482574565955	842.200844452910	619.634306972146	 0.000000000000	 0.000000000000	1.99789	0.38856	-0	0	
 2.000000000000	 0.482723223914	829.277523245924	283.395416896944	 0.000000000000	 0.000000000000	1.35858	0.444471	-0	0	
 2.000000000000	 0.680333423925	315.051895453734	711.732409168307	 0.000000000000	 0.000000000000	1.32536	0.447887	-0	0	
 1.000000000000	 0.460585942800	406.962969790233	666.213660776366	 0.000000000000	 0.000000000000	3.02925	0.232349	-1	0	
 2.000000000000	 0.757740130578	768.819221312425	453.004317580751	 0.000000000000	 0.000000000000	1.68933	0.424592	-0	0	
 2.000000000000	 0.795199901137	268.185344098941	540.787956209408	 0.000000000000	 0.000000000000	1.92983	0.421433	-0	0	
 2.000000000000	 0.754686681982	348.422569298721	711.732409168307	 0.000000000000	 0.000000000000	2.39817	0.358283	-0	0	
 1.000000000000	 0.528533135506	249.083856549803	641.783747261473	 0.000000000000	 0.000000000000	3.04818	0.270505	-1	0	
 1.000000000000	 0.399782649099	333.883362565589	820.061632201877	 0.000000000000	 0.000000000000	3.40546	0.252486	-1	0	
 1.000000000000	 0.435858588581	502.105374486826	375.714524814902	 0.000000000000	 0.000000000000	2.39332	0.361741	-1	0	
 2.000000000000	 0.794831416883	679.886317174322	440.748444394242	 0.000000000000	 0.000000000000	1.65575	0.45328	-0	0	
 1.000000000000	 0.301246330279	523.831013665832	307.439344190403	 0.000000000000	 0.000000000000	2.33005	0.393068	-1	0	
 2.000000000000	 0.757740130578	789.104659621973	453.004317580751	 0.000000000000	 0.000000000000	1.68933	0.424592	-0	0	
 2.000000000000	 0.754686681982	495.706703001145	713.502304923698	 0.000000000000	 0.000000000000	2.40302	0.35812	-0	0	
 2.000000000000	 0.794831416883	688.708423603738	440.748444394242	 0.000000000000	 0.000000000000	1.65575	0.45328	-0	0	
 2.000000000000	 0.794831416883	679.886317174322	440.748444394242	 0.000000000000	 0.000000000000	1.65575	0.45328	-0	0	
 1.000000000000	 0.435858588581	502.105374486826	375.714524814902	 0.000000000000	 0.000000000000	2.39332	0.361741	-1	0	
 1.000000000000	 0.399782649099	359.817986567603	820.061632201877	 0.000000000000	 0.000000000000	3.40546	0.252485	-1	0	
 2.000000000000	 0.243524968725	936.337260868505	414.985389386328	 0.000000000000	 0.000000000000	1.7361	0.466447	-0	0	
 1.000000000000	 0.261871183871	401.821155966517	711.755156239604	 0.000000000000	 0.000000000000	3.10296	0.356223	-1	0	
 1.000000000000	 0.411722788504	347.732363234099	742.252451588193	 0.000000000000	 0.000000000000	3.19873	0.340172	-1	0	
 1.000000000000	 0.420621019386	333.883362565589	763.717475373075	 0.000000000000	 0.000000000000	3.26372	0.339359	-1	0	
 2.000000000000	 0.794831416883	935.871949749363	524.783300489283	 0.000000000000	 0.000000000000	1.88598	0.425664	-0	0	
 2.000000000000	 0.795199901137	340.136721846162	500.881265602620	 0.000000000000	 0.000000000000	1.8205	0.433196	-0	0	
 1.000000000000	 0.458862863657	337.278763030430	784.952217329839	 0.000000000000	 0.000000000000	3.35323	0.341834	-1	0	
 1.000000000000	 0.167927145682	980.812584677043	741.425024511023	 0.000000000000	 0.000000000000	5.16491	0.478433	-1	0	
 1.000000000000	 0.248195003670	935.470180746669	686.560522154910	 0.000000000000	 0.000000000000	4.96271	0.493499	-1	0	
 1.000000000000	 0.546881519205	961.756151890868	968.399681679349	 0.000000000000	 0.000000000000	5.18837	0.619891	-1	0.5	
 2.000000000000	 0.959492426393	690.166629240928	132.140510716771	 0.000000000000	 0.000000000000	0.810248	0.711704	-0	0.5	
 1.000000000000	 0.498364051982	963.769562664473	406.347153999520	 0.000000000000	 0.000000000000	4.53751	0.542102	-1	0.5	
 2.000000000000	 0.748151592824	505.487438652248	175.439240197239	 0.000000000000	 0.000000000000	0.98374	0.571957	-0	0.5	
 1.000000000000	 0.444210722014	763.541085352471	394.844024039062	 0.000000000000	 0.000000000000	4.13406	0.645418	-1	0.5	
 2.000000000000	 0.940340044491	606.674298725007	227.492534748224	 0.000000000000	 0.000000000000	1.07149	0.656814	-0	0.5	
 1.000000000000	 0.167927145682	894.180959328402	704.242131989450	 0.000000000000	 0.000000000000	5.02115	0.50526	-1	0.5	
 1.000000000000	 0.493096360658	971.018920081613	500.262700360025	 0.000000000000	 0.000000000000	4.55898	0.537439	-1	0.5	
 1.000000000000	 0.246494521215	973.563227259903	647.509478150518	 0.000000000000	 0.000000000000	4.80679	0.539581	-1	0.5	
 1.000000000000	 0.512498835281	961.756151890868	916.582515514740	 0.000000000000	 0.000000000000	5.04641	0.589916	-1	0.5	
 2.000000000000	 0.695606467424	345.027168833880	746.841824040346	 0.000000000000	 0.000000000000	2.24362	0.530229	-0	0.5	
 1.000000000000	 0.635742435283	534.422079888528	754.301935809394	 0.000000000000	 0.000000000000	10	1	-1	1	
 2.000000000000	 0.057353893691	359.565149551616	188.398866666792	 0.000000000000	 0.000000000000	10	1	-0	1	



#Generation 3 / 10
currentGen	3
evaluateCount	150
totalTime	47.1095
firstFrontCount	23
frontCount	3
avgEvalTime	0.643586
#end
Var1	Var2	Var3	Var4	Var5	Var6	Obj1	Obj2	Obj3	Cons1	
 2.000000000000	 0.485375648723	820.252421999920	227.697704764494	 0.000000000000	 0.000000000000	1.22529	0.468021	-0	0	
 2.000000000000	 0.469390641058	110.711862551117	403.410379958993	 0.000000000000	 0.000000000000	1.69391	0.398012	-0	0	
 2.000000000000	 0.479922141146	914.250014260626	648.879983580303	 0.000000000000	 0.000000000000	2.34371	0.303817	-0	0	
 2.000000000000	 0.576721515615	264.630222473423	315.938809511846	 0.000000000000	 0.000000000000	1.37907	0.437361	-0	0	
 2.000000000000	 0.485375648723	820.252421999920	227.697704764494	 0.000000000000	 0.000000000000	1.22529	0.468021	-0	0	
 2.000000000000	 0.485375648723	985.147887342870	227.697704764494	 0.000000000000	 0.000000000000	1.22529	0.468021	-0	0	
 1.000000000000	 0.537624867494	410.466367944670	506.975941449962	 0.000000000000	 0.000000000000	2.17068	0.353457	-1	0	
 2.000000000000	 0.619897912184	768.819221312425	597.026466687028	 0.000000000000	 0.000000000000	2.10075	0.325086	-0	0	
 2.000000000000	 0.635067404800	405.794644439015	443.186634935177	 0.000000000000	 0.000000000000	1.55779	0.419853	-0	0	
 1.000000000000	 0.423918449176	419.764347487190	453.523705428586	 0.000000000000	 0.000000000000	2.41643	0.278828	-1	0	
 2.000000000000	 0.482723223914	829.277523245924	283.395416896944	 0.000000000000	 0.000000000000	1.35858	0.444471	-0	0	
 2.000000000000	 0.680333423925	315.051895453734	711.732409168307	 0.000000000000	 0.000000000000	1.32536	0.447887	-0	0	
 1.000000000000	 0.460585942800	406.962969790233	666.213660776366	 0.000000000000	 0.000000000000	3.02925	0.232349	-1	0	
 2.000000000000	 0.480796088200	799.998074406920	499.304018711995	 0.000000000000	 0.000000000000	1.94442	0.356592	-0	0	
 2.000000000000	 0.695953136462	636.372883855068	559.593271783281	 0.000000000000	 0.000000000000	1.98135	0.353424	-0	0	
 2.000000000000	 0.707888574637	473.414453990056	386.815857692346	 0.000000000000	 0.000000000000	1.50799	0.426494	-0	0	
 2.000000000000	 0.595599102184	886.278238936394	227.697704764494	 0.000000000000	 0.000000000000	1.16422	0.485306	-0	0	
 2.000000000000	 0.465327496338	822.198377103752	458.499944372567	 0.000000000000	 0.000000000000	1.84468	0.374624	-0	0	
 2.000000000000	 0.626591088986	383.631798598526	489.651788174586	 0.000000000000	 0.000000000000	1.57224	0.416629	-0	0	
 2.000000000000	 0.517637134603	953.864686233428	227.697704764494	 0.000000000000	 0.000000000000	1.20692	0.472914	-0	0	
 1.000000000000	 0.537624867494	409.523814102572	580.082278146772	 0.000000000000	 0.000000000000	2.17889	0.35185	-1	0	
 1.000000000000	 0.511629745573	249.083856549803	561.789669772860	 0.000000000000	 0.000000000000	2.80325	0.245944	-1	0	
 1.000000000000	 0.437369043375	319.175773385600	545.638723653848	 0.000000000000	 0.000000000000	2.68021	0.25754	-1	0	
 2.000000000000	 0.757740130578	768.819221312425	453.004317580751	 0.000000000000	 0.000000000000	1.68933	0.424592	-0	0	
 2.000000000000	 0.754686681982	348.422569298721	711.732409168307	 0.000000000000	 0.000000000000	2.39817	0.358283	-0	0	
 1.000000000000	 0.528533135506	249.083856549803	641.783747261473	 0.000000000000	 0.000000000000	3.04818	0.270505	-1	0	
 1.000000000000	 0.399782649099	333.883362565589	820.061632201877	 0.000000000000	 0.000000000000	3.40546	0.252486	-1	0	
 1.000000000000	 0.435858588581	502.105374486826	375.714524814902	 0.000000000000	 0.000000000000	2.39332	0.361741	-1	0	
 2.000000000000	 0.794831416883	679.886317174322	440.748444394242	 0.000000000000	 0.000000000000	1.65575	0.45328	-0	0	
 1.000000000000	 0.301246330279	523.831013665832	307.439344190403	 0.000000000000	 0.000000000000	2.33005	0.393068	-1	0	
 2.000000000000	 0.757740130578	789.104659621973	453.004317580751	 0.000000000000	 0.000000000000	1.68933	0.424592	-0	0	
 2.000000000000	 0.754686681982	495.706703001145	713.502304923698	 0.000000000000	 0.000000000000	2.40302	0.35812	-0	0	
 2.000000000000	 0.794831416883	688.708423603738	440.748444394242	 0.000000000000	 0.000000000000	1.65575	0.45328	-0	0	
 2.000000000000	 0.794831416883	679.886317174322	440.748444394242	 0.000000000000	 0.000000000000	1.65575	0.45328	-0	0	
 1.000000000000	 0.435858588581	502.105374486826	375.714524814902	 0.000000000000	 0.000000000000	2.39332	0.361741	-1	0	
 1.000000000000	 0.399782649099	359.817986567603	820.061632201877	 0.000000000000	 0.000000000000	3.40546	0.252485	-1	0	
 2.000000000000	 0.749719643963	298.520941069752	540.787956209408	 0.000000000000	 0.000000000000	1.92983	0.38846	-0	0	
 2.000000000000	 0.509094030964	815.188009232596	685.692235993735	 0.000000000000	 0.000000000000	2.41991	0.296931	-0	0	
 2.000000000000	 0.456170570022	665.031214683998	437.304450037361	 0.000000000000	 0.000000000000	1.75265	0.401218	-0	0	
 1.000000000000	 0.435377600087	511.815984644065	545.061275700305	 0.000000000000	 0.000000000000	2.8845	0.333333	-1	0	
 2.000000000000	 0.723833291279	741.770302341405	575.329107228018	 0.000000000000	 0.000000000000	2.02446	0.36141	-0	0	
 2.000000000000	 0.785728232385	636.469459741425	348.579338024299	 0.000000000000	 0.000000000000	1.40323	0.482269	-0	0	
 2.000000000000	 0.757254777322	461.256036440536	274.179116847131	 0.000000000000	 0.000000000000	1.19939	0.497186	-0	0	
 1.000000000000	 0.528533135506	250.026410391901	605.392036737310	 0.000000000000	 0.000000000000	2.94847	0.27349	-1	0	
 1.000000000000	 0.435858588581	502.105374486826	412.371002861759	 0.000000000000	 0.000000000000	2.49375	0.350652	-1	0	
 1.000000000000	 0.399782649099	322.727660092243	820.061632201877	 0.000000000000	 0.000000000000	3.40546	0.252485	-1	0	
 1.000000000000	 0.399782649099	333.883362565589	820.061632201877	 0.000000000000	 0.000000000000	3.40546	0.252486	-1	0	
 2.000000000000	 0.794831416883	681.474433259909	440.748444394242	 0.000000000000	 0.000000000000	1.65575	0.45328	-0	0	
 2.000000000000	 0.761983519513	727.226805360274	464.981857858623	 0.000000000000	 0.000000000000	1.72214	0.422795	-0	0	
 2.000000000000	 0.852229803028	627.702625263634	455.246311707576	 0.000000000000	 0.000000000000	1.69547	0.496869	-0	0	



#Generation 4 / 10
currentGen	4
evaluateCount	200
totalTime	56.5766
firstFrontCount	34
frontCount	2
avgEvalTime	0.617379
#end
Var1	Var2	Var3	Var4	Var5	Var6	Obj1	Obj2	Obj3	Cons1	
 2.000000000000	 0.485375648723	820.252421999920	227.697704764494	 0.000000000000	 0.000000000000	1.22529	0.468021	-0	0	
 2.000000000000	 0.469390641058	110.711862551117	403.410379958993	 0.000000000000	 0.000000000000	1.69391	0.398012	-0	0	
 2.000000000000	 0.576721515615	264.630222473423	315.938809511846	 0.000000000000	 0.000000000000	1.37907	0.437361	-0	0	
 2.000000000000	 0.485375648723	820.252421999920	227.697704764494	 0.000000000000	 0.000000000000	1.22529	0.468021	-0	0	
 2.000000000000	 0.485375648723	985.147887342870	227.697704764494	 0.000000000000	 0.000000000000	1.22529	0.468021	-0	0	
 1.000000000000	 0.537624867494	410.466367944670	506.975941449962	 0.000000000000	 0.000000000000	2.17068	0.353457	-1	0	
 2.000000000000	 0.619897912184	768.819221312425	597.026466687028	 0.000000000000	 0.000000000000	2.10075	0.325086	-0	0	
 2.000000000000	 0.635067404800	405.794644439015	443.186634935177	 0.000000000000	 0.000000000000	1.55779	0.419853	-0	0	
 1.000000000000	 0.423918449176	419.764347487190	453.523705428586	 0.000000000000	 0.000000000000	2.41643	0.278828	-1	0	
 2.000000000000	 0.680333423925	315.051895453734	711.732409168307	 0.000000000000	 0.000000000000	1.32536	0.447887	-0	0	
 1.000000000000	 0.460585942800	406.962969790233	666.213660776366	 0.000000000000	 0.000000000000	3.02925	0.232349	-1	0	
 2.000000000000	 0.480796088200	799.998074406920	499.304018711995	 0.000000000000	 0.000000000000	1.94442	0.356592	-0	0	
 2.000000000000	 0.707888574637	473.414453990056	386.815857692346	 0.000000000000	 0.000000000000	1.50799	0.426494	-0	0	
 2.000000000000	 0.595599102184	886.278238936394	227.697704764494	 0.000000000000	 0.000000000000	1.16422	0.485306	-0	0	
 2.000000000000	 0.626591088986	383.631798598526	489.651788174586	 0.000000000000	 0.000000000000	1.57224	0.416629	-0	0	
 2.000000000000	 0.517637134603	953.864686233428	227.697704764494	 0.000000000000	 0.000000000000	1.20692	0.472914	-0	0	
 1.000000000000	 0.537624867494	409.523814102572	580.082278146772	 0.000000000000	 0.000000000000	2.17889	0.35185	-1	0	
 1.000000000000	 0.511629745573	249.083856549803	561.789669772860	 0.000000000000	 0.000000000000	2.80325	0.245944	-1	0	
 1.000000000000	 0.476128823180	302.790955545040	458.006973374976	 0.000000000000	 0.000000000000	2.47223	0.246391	-1	0	
 1.000000000000	 0.486204073606	460.907255294184	446.210723035460	 0.000000000000	 0.000000000000	2.45226	0.247363	-1	0	
 2.000000000000	 0.547223798329	768.974936972567	597.026466687028	 0.000000000000	 0.000000000000	2.15608	0.321056	-0	0	
 2.000000000000	 0.722698517717	298.520941069752	447.485212988943	 0.000000000000	 0.000000000000	1.67421	0.406916	-0	0	
 2.000000000000	 0.681609327553	642.218297440282	553.772206937270	 0.000000000000	 0.000000000000	1.9654	0.35012	-0	0	
 2.000000000000	 0.577068901561	964.207539895850	665.910166961299	 0.000000000000	 0.000000000000	2.31717	0.302718	-0	0	
 2.000000000000	 0.619897912184	703.832190302986	585.996023795689	 0.000000000000	 0.000000000000	2.07144	0.328852	-0	0	
 2.000000000000	 0.659377853091	631.391380554845	329.970351326207	 0.000000000000	 0.000000000000	1.35225	0.438323	-0	0	
 2.000000000000	 0.555172344757	636.578010515864	478.713070513801	 0.000000000000	 0.000000000000	1.83488	0.367809	-0	0	
 2.000000000000	 0.607653441765	862.648326104038	349.365028984146	 0.000000000000	 0.000000000000	1.40759	0.43342	-0	0	
 2.000000000000	 0.639294769977	818.935799351150	275.448691314994	 0.000000000000	 0.000000000000	1.23413	0.460907	-0	0	
 2.000000000000	 0.513642018537	639.510129849745	685.692235993735	 0.000000000000	 0.000000000000	2.41623	0.297198	-0	0	
 2.000000000000	 0.639910084590	990.244866549880	252.999111753960	 0.000000000000	 0.000000000000	1.18942	0.474795	-0	0	
 2.000000000000	 0.495127772555	925.660033731112	439.716663817815	 0.000000000000	 0.000000000000	1.69354	0.406016	-0	0	
 2.000000000000	 0.634629664709	817.018548756275	483.061752279381	 0.000000000000	 0.000000000000	1.78596	0.370414	-0	0	
 2.000000000000	 0.578910827307	704.153629132227	227.697704764494	 0.000000000000	 0.000000000000	1.17301	0.481184	-0	0	
 1.000000000000	 0.421907925299	379.908073180883	820.061632201877	 0.000000000000	 0.000000000000	3.40661	0.244632	-1	0	
 2.000000000000	 0.757254777322	461.256036440536	274.179116847131	 0.000000000000	 0.000000000000	1.19939	0.497186	-0	0	
 1.000000000000	 0.301246330279	523.831013665832	307.439344190403	 0.000000000000	 0.000000000000	2.33005	0.393068	-1	0	
 2.000000000000	 0.509094030964	815.188009232596	685.692235993735	 0.000000000000	 0.000000000000	2.41991	0.296931	-0	0	
 1.000000000000	 0.515499591294	378.149599371278	543.774549055806	 0.000000000000	 0.000000000000	2.68533	0.257158	-1	0	
 1.000000000000	 0.399782649099	333.883362565589	820.061632201877	 0.000000000000	 0.000000000000	3.40546	0.252486	-1	0	
 1.000000000000	 0.435858588581	502.105374486826	412.371002861759	 0.000000000000	 0.000000000000	2.49375	0.350652	-1	0	
 2.000000000000	 0.695953136462	636.372883855068	559.593271783281	 0.000000000000	 0.000000000000	1.98135	0.353424	-0	0	
 1.000000000000	 0.437369043375	319.175773385600	545.638723653848	 0.000000000000	 0.000000000000	2.68021	0.25754	-1	0	
 2.000000000000	 0.479922141146	914.250014260626	648.879983580303	 0.000000000000	 0.000000000000	2.34371	0.303817	-0	0	
 2.000000000000	 0.624993036974	517.709067817427	347.876408864734	 0.000000000000	 0.000000000000	1.40831	0.43647	-0	0	
 2.000000000000	 0.595805542641	836.823514255902	475.359142467377	 0.000000000000	 0.000000000000	1.79399	0.371639	-0	0	
 2.000000000000	 0.758468269443	649.838840972923	440.748444394242	 0.000000000000	 0.000000000000	1.65575	0.429744	-0	0	
 2.000000000000	 0.713520784850	376.547988944707	296.007055409057	 0.000000000000	 0.000000000000	1.2592	0.467148	-0	0	
 2.000000000000	 0.513124633530	195.419910046947	289.459239829102	 0.000000000000	 0.000000000000	1.35238	0.444193	-0	0	
 2.000000000000	 0.456170570022	665.031214683998	437.304450037361	 0.000000000000	 0.000000000000	1.75265	0.401218	-0	0	



#Generation 5 / 10
currentGen	5
evaluateCount	250
totalTime	63.8981
firstFrontCount	50
frontCount	1
avgEvalTime	0.494878
#end
Var1	Var2	Var3	Var4	Var5	Var6	Obj1	Obj2	Obj3	Cons1	
 2.000000000000	 0.668214772701	990.244866549880	229.300385292011	 0.000000000000	 0.000000000000	1.12796	0.498788	-0	0	
 1.000000000000	 0.460585942800	406.962969790233	666.213660776366	 0.000000000000	 0.000000000000	3.02925	0.232349	-1	0	
 2.000000000000	 0.577068901561	932.301836598025	686.176842564651	 0.000000000000	 0.000000000000	2.36606	0.298799	-0	0	
 1.000000000000	 0.521647829231	306.473523732569	454.560768530121	 0.000000000000	 0.000000000000	2.12675	0.321426	-1	0	
 1.000000000000	 0.511629745573	249.083856549803	561.789669772860	 0.000000000000	 0.000000000000	2.80325	0.245944	-1	0	
 1.000000000000	 0.445252390395	406.962969790233	666.213660776366	 0.000000000000	 0.000000000000	2.39697	0.274004	-1	0	
 1.000000000000	 0.476128823180	302.790955545040	458.006973374976	 0.000000000000	 0.000000000000	2.47223	0.246391	-1	0	
 2.000000000000	 0.637144885103	816.682739293477	415.577249160461	 0.000000000000	 0.000000000000	1.60219	0.399892	-0	0	
 1.000000000000	 0.486204073606	460.907255294184	446.210723035460	 0.000000000000	 0.000000000000	2.45226	0.247363	-1	0	
 2.000000000000	 0.660362637387	891.382616362815	386.561395522755	 0.000000000000	 0.000000000000	1.50729	0.414212	-0	0	
 2.000000000000	 0.480796088200	799.998074406920	499.304018711995	 0.000000000000	 0.000000000000	1.94442	0.356592	-0	0	
 2.000000000000	 0.619897912184	703.832190302986	585.996023795689	 0.000000000000	 0.000000000000	2.07144	0.328852	-0	0	
 2.000000000000	 0.667929392667	675.169752213646	554.936272110295	 0.000000000000	 0.000000000000	1.96859	0.345189	-0	0	
 2.000000000000	 0.592585280466	603.179038412540	361.025021943630	 0.000000000000	 0.000000000000	1.49415	0.422425	-0	0	
 2.000000000000	 0.610365053817	596.552973687425	630.784765731896	 0.000000000000	 0.000000000000	2.19724	0.3142	-0	0	
 2.000000000000	 0.534435949633	655.695317721113	432.487205548050	 0.000000000000	 0.000000000000	1.72452	0.387715	-0	0	
 2.000000000000	 0.469390641058	110.711862551117	403.410379958993	 0.000000000000	 0.000000000000	1.69391	0.398012	-0	0	
 2.000000000000	 0.606737767136	964.207539895850	665.910166961299	 0.000000000000	 0.000000000000	2.29315	0.305004	-0	0	
 2.000000000000	 0.607653441765	862.648326104038	349.365028984146	 0.000000000000	 0.000000000000	1.40759	0.43342	-0	0	
 2.000000000000	 0.541975588963	659.438092044123	478.713070513801	 0.000000000000	 0.000000000000	1.84374	0.367758	-0	0	
 2.000000000000	 0.628275340357	359.012930269830	468.721583707459	 0.000000000000	 0.000000000000	1.75199	0.37639	-0	0	
 2.000000000000	 0.595599102184	886.278238936394	227.697704764494	 0.000000000000	 0.000000000000	1.16422	0.485306	-0	0	
 2.000000000000	 0.680333423925	315.051895453734	711.732409168307	 0.000000000000	 0.000000000000	1.32536	0.447887	-0	0	
 2.000000000000	 0.659377853091	631.391380554845	329.970351326207	 0.000000000000	 0.000000000000	1.35225	0.438323	-0	0	
 2.000000000000	 0.639294769977	818.935799351150	275.448691314994	 0.000000000000	 0.000000000000	1.23413	0.460907	-0	0	
 2.000000000000	 0.670220163784	636.372883855068	551.359643073802	 0.000000000000	 0.000000000000	1.95879	0.347192	-0	0	
 2.000000000000	 0.618328539711	831.876983046353	292.817250939749	 0.000000000000	 0.000000000000	1.28162	0.450642	-0	0	
 2.000000000000	 0.526289528088	768.819221312425	597.026466687028	 0.000000000000	 0.000000000000	2.17187	0.320731	-0	0	
 2.000000000000	 0.639910084590	990.244866549880	252.999111753960	 0.000000000000	 0.000000000000	1.18942	0.474795	-0	0	
 2.000000000000	 0.639294769977	797.338196746589	283.942990838688	 0.000000000000	 0.000000000000	1.25113	0.456413	-0	0	
 2.000000000000	 0.584246501848	547.729422997277	276.882412330924	 0.000000000000	 0.000000000000	1.26772	0.453831	-0	0	
 2.000000000000	 0.634629664709	817.018548756275	483.061752279381	 0.000000000000	 0.000000000000	1.78596	0.370414	-0	0	
 2.000000000000	 0.611547703874	682.338470665630	486.986104315838	 0.000000000000	 0.000000000000	1.813	0.367822	-0	0	
 2.000000000000	 0.517637134603	953.864686233428	227.697704764494	 0.000000000000	 0.000000000000	1.20692	0.472914	-0	0	
 2.000000000000	 0.577068901561	883.845607948494	665.910166961299	 0.000000000000	 0.000000000000	2.31717	0.302718	-0	0	
 2.000000000000	 0.576721515615	264.630222473423	315.938809511846	 0.000000000000	 0.000000000000	1.37907	0.437361	-0	0	
 2.000000000000	 0.576101533115	859.232726304752	227.697704764494	 0.000000000000	 0.000000000000	1.17457	0.480603	-0	0	
 2.000000000000	 0.485375648723	820.252421999920	227.697704764494	 0.000000000000	 0.000000000000	1.22529	0.468021	-0	0	
 2.000000000000	 0.613858847040	627.708812367316	333.416556171062	 0.000000000000	 0.000000000000	1.39176	0.434821	-0	0	
 2.000000000000	 0.644677357951	800.806429794500	595.862401514003	 0.000000000000	 0.000000000000	2.08072	0.326442	-0	0	
 2.000000000000	 0.498572404517	824.594273684603	227.697704764494	 0.000000000000	 0.000000000000	1.21765	0.469501	-0	0	
 2.000000000000	 0.634629664709	817.018548756275	483.061752279381	 0.000000000000	 0.000000000000	1.78596	0.370414	-0	0	
 2.000000000000	 0.577068901561	964.207539895850	665.910166961299	 0.000000000000	 0.000000000000	2.31717	0.302718	-0	0	
 2.000000000000	 0.547223798329	768.974936972567	597.026466687028	 0.000000000000	 0.000000000000	2.15608	0.321056	-0	0	
 2.000000000000	 0.602162944996	730.926092700689	597.026466687028	 0.000000000000	 0.000000000000	2.11379	0.324058	-0	0	
 2.000000000000	 0.578910827307	704.153629132227	227.697704764494	 0.000000000000	 0.000000000000	1.17301	0.481184	-0	0	
 2.000000000000	 0.619897912184	768.819221312425	597.026466687028	 0.000000000000	 0.000000000000	2.10075	0.325086	-0	0	
 2.000000000000	 0.555172344757	636.578010515864	478.713070513801	 0.000000000000	 0.000000000000	1.83488	0.367809	-0	0	
 2.000000000000	 0.602281974282	389.990073632821	594.011896723424	 0.000000000000	 0.000000000000	2.10569	0.325079	-0	0	
 2.000000000000	 0.485375648723	985.147887342870	227.697704764494	 0.000000000000	 0.000000000000	1.22529	0.468021	-0	0	



#Generation 6 / 10
currentGen	6
evaluateCount	300
totalTime	75.4235
firstFrontCount	50
frontCount	1
avgEvalTime	0.735295
#end
Var1	Var2	Var3	Var4	Var5	Var6	Obj1	Obj2	Obj3	Cons1	
 1.000000000000	 0.460585942800	406.962969790233	666.213660776366	 0.000000000000	 0.000000000000	3.02925	0.232349	-1	0	
 2.000000000000	 0.668214772701	990.244866549880	229.300385292011	 0.000000000000	 0.000000000000	1.12796	0.498788	-0	0	
 2.000000000000	 0.610365053817	596.552973687425	630.784765731896	 0.000000000000	 0.000000000000	2.19724	0.3142	-0	0	
 1.000000000000	 0.521647829231	306.473523732569	454.560768530121	 0.000000000000	 0.000000000000	2.12675	0.321426	-1	0	
 1.000000000000	 0.511629745573	249.083856549803	561.789669772860	 0.000000000000	 0.000000000000	2.80325	0.245944	-1	0	
 1.000000000000	 0.512714994645	323.288931554008	370.084153961001	 0.000000000000	 0.000000000000	2.27975	0.284761	-1	0	
 1.000000000000	 0.445252390395	406.962969790233	666.213660776366	 0.000000000000	 0.000000000000	2.39697	0.274004	-1	0	
 1.000000000000	 0.476128823180	302.790955545040	458.006973374976	 0.000000000000	 0.000000000000	2.47223	0.246391	-1	0	
 1.000000000000	 0.486204073606	460.907255294184	446.210723035460	 0.000000000000	 0.000000000000	2.45226	0.247363	-1	0	
 2.000000000000	 0.647720101538	636.372883855068	557.247003328804	 0.000000000000	 0.000000000000	1.97492	0.340541	-0	0	
 2.000000000000	 0.619897912184	703.832190302986	585.996023795689	 0.000000000000	 0.000000000000	2.07144	0.328852	-0	0	
 2.000000000000	 0.635489741545	667.613784106780	453.303178688844	 0.000000000000	 0.000000000000	1.69015	0.391121	-0	0	
 2.000000000000	 0.608846422840	515.799601569239	518.387788461796	 0.000000000000	 0.000000000000	1.89914	0.354374	-0	0	
 2.000000000000	 0.597895499792	271.685066455300	360.557364997403	 0.000000000000	 0.000000000000	1.48227	0.421088	-0	0	
 2.000000000000	 0.595599102184	886.278238936394	227.697704764494	 0.000000000000	 0.000000000000	1.16422	0.485306	-0	0	
 2.000000000000	 0.596200433410	675.183820903433	478.790191183685	 0.000000000000	 0.000000000000	1.4505	0.430262	-0	0	
 2.000000000000	 0.619504627106	863.032974046202	415.577249160461	 0.000000000000	 0.000000000000	1.61483	0.399169	-0	0	
 2.000000000000	 0.670220163784	636.372883855068	551.359643073802	 0.000000000000	 0.000000000000	1.95879	0.347192	-0	0	
 2.000000000000	 0.585765132826	547.729422997277	389.279389601024	 0.000000000000	 0.000000000000	1.57049	0.407898	-0	0	
 2.000000000000	 0.660362637387	891.382616362815	386.561395522755	 0.000000000000	 0.000000000000	1.50729	0.414212	-0	0	
 2.000000000000	 0.639294769977	818.935799351150	275.448691314994	 0.000000000000	 0.000000000000	1.23413	0.460907	-0	0	
 2.000000000000	 0.701257223845	644.759670694855	475.769389257126	 0.000000000000	 0.000000000000	1.7517	0.387023	-0	0	
 2.000000000000	 0.630570437630	871.941326434666	386.561395522755	 0.000000000000	 0.000000000000	1.52841	0.412105	-0	0	
 2.000000000000	 0.680333423925	315.051895453734	711.732409168307	 0.000000000000	 0.000000000000	1.32536	0.447887	-0	0	
 2.000000000000	 0.576645315434	615.736280386689	304.322360205679	 0.000000000000	 0.000000000000	1.34741	0.442021	-0	0	
 2.000000000000	 0.607653441765	862.648326104038	349.365028984146	 0.000000000000	 0.000000000000	1.40759	0.43342	-0	0	
 2.000000000000	 0.534435949633	655.695317721113	432.487205548050	 0.000000000000	 0.000000000000	1.72452	0.387715	-0	0	
 2.000000000000	 0.554055557288	524.419983021195	495.036907270145	 0.000000000000	 0.000000000000	1.87939	0.360764	-0	0	
 2.000000000000	 0.639910084590	990.244866549880	252.999111753960	 0.000000000000	 0.000000000000	1.18942	0.474795	-0	0	
 2.000000000000	 0.628275340357	359.012930269830	468.721583707459	 0.000000000000	 0.000000000000	1.75199	0.37639	-0	0	
 2.000000000000	 0.526289528088	768.819221312425	597.026466687028	 0.000000000000	 0.000000000000	2.17187	0.320731	-0	0	
 2.000000000000	 0.575814619951	338.514954260862	463.698792752903	 0.000000000000	 0.000000000000	1.78249	0.375789	-0	0	
 2.000000000000	 0.601506204443	633.589119931331	493.942348293012	 0.000000000000	 0.000000000000	1.83927	0.364145	-0	0	
 2.000000000000	 0.615136251646	912.485549903078	628.573186044289	 0.000000000000	 0.000000000000	2.1879	0.315072	-0	0	
 2.000000000000	 0.584246501848	547.729422997277	276.882412330924	 0.000000000000	 0.000000000000	1.26772	0.453831	-0	0	
 2.000000000000	 0.619897912184	714.403349164976	406.892542790251	 0.000000000000	 0.000000000000	1.59106	0.402931	-0	0	
 2.000000000000	 0.485375648723	820.252421999920	227.697704764494	 0.000000000000	 0.000000000000	1.22529	0.468021	-0	0	
 2.000000000000	 0.611547703874	682.338470665630	486.986104315838	 0.000000000000	 0.000000000000	1.813	0.367822	-0	0	
 2.000000000000	 0.618328539711	831.876983046353	292.817250939749	 0.000000000000	 0.000000000000	1.28162	0.450642	-0	0	
 2.000000000000	 0.634629664709	817.018548756275	483.061752279381	 0.000000000000	 0.000000000000	1.78596	0.370414	-0	0	
 2.000000000000	 0.659377853091	631.391380554845	329.970351326207	 0.000000000000	 0.000000000000	1.35225	0.438323	-0	0	
 2.000000000000	 0.576721515615	264.630222473423	315.938809511846	 0.000000000000	 0.000000000000	1.37907	0.437361	-0	0	
 2.000000000000	 0.593851629725	748.540529430986	499.304018711995	 0.000000000000	 0.000000000000	1.85983	0.361157	-0	0	
 2.000000000000	 0.667929392667	675.169752213646	554.936272110295	 0.000000000000	 0.000000000000	1.96859	0.345189	-0	0	
 2.000000000000	 0.670677116077	861.013573480312	310.174722430025	 0.000000000000	 0.000000000000	1.29801	0.448752	-0	0	
 2.000000000000	 0.517637134603	953.864686233428	227.697704764494	 0.000000000000	 0.000000000000	1.20692	0.472914	-0	0	
 2.000000000000	 0.613858847040	627.708812367316	333.416556171062	 0.000000000000	 0.000000000000	1.39176	0.434821	-0	0	
 2.000000000000	 0.631440124195	1000.000000000000	243.985883377602	 0.000000000000	 0.000000000000	1.17645	0.479825	-0	0	
 2.000000000000	 0.644677357951	800.806429794500	595.862401514003	 0.000000000000	 0.000000000000	2.08072	0.326442	-0	0	
 2.000000000000	 0.639618968426	595.096597239608	262.196914245334	 0.000000000000	 0.000000000000	1.20768	0.468777	-0	0	



#Generation 7 / 10
currentGen	7
evaluateCount	350
totalTime	87.0216
firstFrontCount	50
frontCount	1
avgEvalTime	0.597075
#end
Var1	Var2	Var3	Var4	Var5	Var6	Obj1	Obj2	Obj3	Cons1	
 2.000000000000	 0.668214772701	990.244866549880	229.300385292011	 0.000000000000	 0.000000000000	1.12796	0.498788	-0	0	
 1.000000000000	 0.460585942800	406.962969790233	666.213660776366	 0.000000000000	 0.000000000000	3.02925	0.232349	-1	0	
 1.000000000000	 0.521647829231	306.473523732569	454.560768530121	 0.000000000000	 0.000000000000	2.12675	0.321426	-1	0	
 2.000000000000	 0.615136251646	912.485549903078	628.573186044289	 0.000000000000	 0.000000000000	2.1879	0.315072	-0	0	
 1.000000000000	 0.511629745573	249.083856549803	561.789669772860	 0.000000000000	 0.000000000000	2.80325	0.245944	-1	0	
 1.000000000000	 0.512714994645	323.288931554008	370.084153961001	 0.000000000000	 0.000000000000	2.27975	0.284761	-1	0	
 1.000000000000	 0.445252390395	406.962969790233	666.213660776366	 0.000000000000	 0.000000000000	2.39697	0.274004	-1	0	
 1.000000000000	 0.476128823180	302.790955545040	458.006973374976	 0.000000000000	 0.000000000000	2.47223	0.246391	-1	0	
 1.000000000000	 0.522407513949	303.366312631392	334.016903026707	 0.000000000000	 0.000000000000	2.19601	0.31415	-1	0	
 1.000000000000	 0.486204073606	460.907255294184	446.210723035460	 0.000000000000	 0.000000000000	2.45226	0.247363	-1	0	
 2.000000000000	 0.593806154309	858.444282195466	556.174719196237	 0.000000000000	 0.000000000000	2.01179	0.337975	-0	0	
 2.000000000000	 0.608846422840	515.799601569239	518.387788461796	 0.000000000000	 0.000000000000	1.89914	0.354374	-0	0	
 2.000000000000	 0.619897912184	703.832190302986	585.996023795689	 0.000000000000	 0.000000000000	2.07144	0.328852	-0	0	
 2.000000000000	 0.635489741545	667.613784106780	453.303178688844	 0.000000000000	 0.000000000000	1.69015	0.391121	-0	0	
 2.000000000000	 0.639693726617	651.758512122007	423.003915904732	 0.000000000000	 0.000000000000	1.62037	0.396786	-0	0	
 2.000000000000	 0.650705016810	876.772760606293	229.300385292011	 0.000000000000	 0.000000000000	1.1373	0.494155	-0	0	
 2.000000000000	 0.595599102184	886.278238936394	227.697704764494	 0.000000000000	 0.000000000000	1.16422	0.485306	-0	0	
 2.000000000000	 0.584246501848	547.729422997277	276.882412330924	 0.000000000000	 0.000000000000	1.26772	0.453831	-0	0	
 2.000000000000	 0.534435949633	655.695317721113	432.487205548050	 0.000000000000	 0.000000000000	1.72452	0.387715	-0	0	
 2.000000000000	 0.639294769977	818.935799351150	275.448691314994	 0.000000000000	 0.000000000000	1.23413	0.460907	-0	0	
 2.000000000000	 0.674745094523	649.625889677008	550.726707963606	 0.000000000000	 0.000000000000	1.95706	0.348866	-0	0	
 2.000000000000	 0.660362637387	891.382616362815	386.561395522755	 0.000000000000	 0.000000000000	1.50729	0.414212	-0	0	
 2.000000000000	 0.626237140920	333.440932092728	463.698792752903	 0.000000000000	 0.000000000000	1.73992	0.378502	-0	0	
 2.000000000000	 0.619897912184	714.403349164976	406.892542790251	 0.000000000000	 0.000000000000	1.59106	0.402931	-0	0	
 2.000000000000	 0.526289528088	768.819221312425	597.026466687028	 0.000000000000	 0.000000000000	2.17187	0.320731	-0	0	
 2.000000000000	 0.596200433410	675.183820903433	478.790191183685	 0.000000000000	 0.000000000000	1.4505	0.430262	-0	0	
 2.000000000000	 0.611547703874	682.338470665630	486.986104315838	 0.000000000000	 0.000000000000	1.813	0.367822	-0	0	
 2.000000000000	 0.637609238210	652.287099815764	313.696436594443	 0.000000000000	 0.000000000000	1.32507	0.443252	-0	0	
 2.000000000000	 0.588968656653	649.779321019176	355.393020441142	 0.000000000000	 0.000000000000	1.47594	0.422376	-0	0	
 2.000000000000	 0.670677116077	861.013573480312	310.174722430025	 0.000000000000	 0.000000000000	1.29801	0.448752	-0	0	
 2.000000000000	 0.647720101538	636.372883855068	557.247003328804	 0.000000000000	 0.000000000000	1.97492	0.340541	-0	0	
 2.000000000000	 0.601506204443	633.589119931331	493.942348293012	 0.000000000000	 0.000000000000	1.83927	0.364145	-0	0	
 2.000000000000	 0.597895499792	271.685066455300	360.557364997403	 0.000000000000	 0.000000000000	1.48227	0.421088	-0	0	
 2.000000000000	 0.554055557288	524.419983021195	495.036907270145	 0.000000000000	 0.000000000000	1.87939	0.360764	-0	0	
 2.000000000000	 0.634629664709	817.018548756275	483.061752279381	 0.000000000000	 0.000000000000	1.78596	0.370414	-0	0	
 2.000000000000	 0.639910084590	844.613740135145	270.438091940511	 0.000000000000	 0.000000000000	1.22383	0.463831	-0	0	
 2.000000000000	 0.639618968426	595.096597239608	262.196914245334	 0.000000000000	 0.000000000000	1.20768	0.468777	-0	0	
 2.000000000000	 0.639910084590	990.244866549880	252.999111753960	 0.000000000000	 0.000000000000	1.18942	0.474795	-0	0	
 2.000000000000	 0.654311546540	382.867595533687	604.021349755366	 0.000000000000	 0.000000000000	2.10307	0.325025	-0	0	
 2.000000000000	 0.575814619951	338.514954260862	463.698792752903	 0.000000000000	 0.000000000000	1.78249	0.375789	-0	0	
 2.000000000000	 0.659377853091	631.391380554845	329.970351326207	 0.000000000000	 0.000000000000	1.35225	0.438323	-0	0	
 2.000000000000	 0.619504627106	863.032974046202	415.577249160461	 0.000000000000	 0.000000000000	1.61483	0.399169	-0	0	
 2.000000000000	 0.585765132826	547.729422997277	389.279389601024	 0.000000000000	 0.000000000000	1.57049	0.407898	-0	0	
 2.000000000000	 0.607653441765	862.648326104038	349.365028984146	 0.000000000000	 0.000000000000	1.40759	0.43342	-0	0	
 2.000000000000	 0.618328539711	831.876983046353	292.817250939749	 0.000000000000	 0.000000000000	1.28162	0.450642	-0	0	
 2.000000000000	 0.627874809707	730.313179769510	630.784765731896	 0.000000000000	 0.000000000000	1.4438	0.432051	-0	0	
 2.000000000000	 0.625017140759	889.238359444564	329.551856291525	 0.000000000000	 0.000000000000	1.37741	0.435848	-0	0	
 2.000000000000	 0.593851629725	748.540529430986	499.304018711995	 0.000000000000	 0.000000000000	1.85983	0.361157	-0	0	
 2.000000000000	 0.667929392667	675.169752213646	554.936272110295	 0.000000000000	 0.000000000000	1.96859	0.345189	-0	0	
 2.000000000000	 0.630570437630	871.941326434666	386.561395522755	 0.000000000000	 0.000000000000	1.52841	0.412105	-0	0	



#Generation 8 / 10
currentGen	8
evaluateCount	400
totalTime	97.8009
firstFrontCount	50
frontCount	1
avgEvalTime	0.422963
#end
Var1	Var2	Var3	Var4	Var5	Var6	Obj1	Obj2	Obj3	Cons1	
 1.000000000000	 0.467930389563	406.962969790233	659.209568600603	 0.000000000000	 0.000000000000	3.016	0.230024	-1	0	
 2.000000000000	 0.668214772701	990.244866549880	229.300385292011	 0.000000000000	 0.000000000000	1.12796	0.498788	-0	0	
 1.000000000000	 0.521647829231	306.473523732569	454.560768530121	 0.000000000000	 0.000000000000	2.12675	0.321426	-1	0	
 2.000000000000	 0.615136251646	912.485549903078	628.573186044289	 0.000000000000	 0.000000000000	2.1879	0.315072	-0	0	
 1.000000000000	 0.511629745573	249.083856549803	561.789669772860	 0.000000000000	 0.000000000000	2.80325	0.245944	-1	0	
 1.000000000000	 0.512714994645	323.288931554008	370.084153961001	 0.000000000000	 0.000000000000	2.27975	0.284761	-1	0	
 1.000000000000	 0.445252390395	406.962969790233	666.213660776366	 0.000000000000	 0.000000000000	2.39697	0.274004	-1	0	
 1.000000000000	 0.476128823180	302.790955545040	458.006973374976	 0.000000000000	 0.000000000000	2.47223	0.246391	-1	0	
 1.000000000000	 0.460585942800	297.484646770196	659.608282444051	 0.000000000000	 0.000000000000	3.01115	0.232469	-1	0	
 1.000000000000	 0.522407513949	303.366312631392	334.016903026707	 0.000000000000	 0.000000000000	2.19601	0.31415	-1	0	
 1.000000000000	 0.486204073606	460.907255294184	446.210723035460	 0.000000000000	 0.000000000000	2.45226	0.247363	-1	0	
 2.000000000000	 0.646890357079	720.578748103213	549.781089214129	 0.000000000000	 0.000000000000	1.95524	0.343372	-0	0	
 2.000000000000	 0.608846422840	515.799601569239	518.387788461796	 0.000000000000	 0.000000000000	1.89914	0.354374	-0	0	
 2.000000000000	 0.635489741545	667.613784106780	453.303178688844	 0.000000000000	 0.000000000000	1.69015	0.391121	-0	0	
 2.000000000000	 0.619897912184	703.832190302986	585.996023795689	 0.000000000000	 0.000000000000	2.07144	0.328852	-0	0	
 2.000000000000	 0.639693726617	651.758512122007	423.003915904732	 0.000000000000	 0.000000000000	1.62037	0.396786	-0	0	
 2.000000000000	 0.650705016810	876.772760606293	229.300385292011	 0.000000000000	 0.000000000000	1.1373	0.494155	-0	0	
 2.000000000000	 0.651945607635	509.735252606921	576.901888091654	 0.000000000000	 0.000000000000	2.02877	0.333726	-0	0	
 2.000000000000	 0.639693726617	575.190856244366	450.718874474307	 0.000000000000	 0.000000000000	1.69519	0.384691	-0	0	
 2.000000000000	 0.660362637387	891.382616362815	386.561395522755	 0.000000000000	 0.000000000000	1.50729	0.414212	-0	0	
 2.000000000000	 0.584246501848	547.729422997277	276.882412330924	 0.000000000000	 0.000000000000	1.26772	0.453831	-0	0	
 2.000000000000	 0.654311546540	382.867595533687	604.021349755366	 0.000000000000	 0.000000000000	2.10307	0.325025	-0	0	
 2.000000000000	 0.598244327924	914.967594333160	615.725585888979	 0.000000000000	 0.000000000000	2.16654	0.317736	-0	0	
 2.000000000000	 0.637609238210	652.287099815764	313.696436594443	 0.000000000000	 0.000000000000	1.32507	0.443252	-0	0	
 2.000000000000	 0.612850764312	524.889441010520	560.849227823996	 0.000000000000	 0.000000000000	2.00956	0.337694	-0	0	
 2.000000000000	 0.595599102184	886.278238936394	227.697704764494	 0.000000000000	 0.000000000000	1.16422	0.485306	-0	0	
 2.000000000000	 0.611547703874	682.338470665630	486.986104315838	 0.000000000000	 0.000000000000	1.813	0.367822	-0	0	
 2.000000000000	 0.658882876556	783.512889010558	369.714180556535	 0.000000000000	 0.000000000000	1.46113	0.421286	-0	0	
 2.000000000000	 0.597895499792	271.685066455300	360.557364997403	 0.000000000000	 0.000000000000	1.48227	0.421088	-0	0	
 2.000000000000	 0.647720101538	636.372883855068	557.247003328804	 0.000000000000	 0.000000000000	1.97492	0.340541	-0	0	
 2.000000000000	 0.601506204443	633.589119931331	493.942348293012	 0.000000000000	 0.000000000000	1.83927	0.364145	-0	0	
 2.000000000000	 0.607653441765	862.648326104038	349.365028984146	 0.000000000000	 0.000000000000	1.40759	0.43342	-0	0	
 2.000000000000	 0.575814619951	338.514954260862	463.698792752903	 0.000000000000	 0.000000000000	1.78249	0.375789	-0	0	
 2.000000000000	 0.612725677864	708.680961164089	458.112009037769	 0.000000000000	 0.000000000000	1.73449	0.380385	-0	0	
 2.000000000000	 0.634629664709	817.018548756275	483.061752279381	 0.000000000000	 0.000000000000	1.78596	0.370414	-0	0	
 2.000000000000	 0.577254821673	806.053717933529	261.228108009061	 0.000000000000	 0.000000000000	1.23977	0.46021	-0	0	
 2.000000000000	 0.585765132826	547.729422997277	389.279389601024	 0.000000000000	 0.000000000000	1.57049	0.407898	-0	0	
 2.000000000000	 0.630570437630	871.941326434666	386.561395522755	 0.000000000000	 0.000000000000	1.52841	0.412105	-0	0	
 2.000000000000	 0.659377853091	631.391380554845	329.970351326207	 0.000000000000	 0.000000000000	1.35225	0.438323	-0	0	
 2.000000000000	 0.639618968426	595.096597239608	262.196914245334	 0.000000000000	 0.000000000000	1.20768	0.468777	-0	0	
 2.000000000000	 0.669872484951	885.087004059911	255.609529576698	 0.000000000000	 0.000000000000	1.17841	0.479255	-0	0	
 2.000000000000	 0.544740447227	818.935799351150	376.846293191477	 0.000000000000	 0.000000000000	1.5674	0.411356	-0	0	
 2.000000000000	 0.625017140759	889.238359444564	329.551856291525	 0.000000000000	 0.000000000000	1.37741	0.435848	-0	0	
 2.000000000000	 0.596200433410	675.183820903433	478.790191183685	 0.000000000000	 0.000000000000	1.4505	0.430262	-0	0	
 2.000000000000	 0.619897912184	714.403349164976	406.892542790251	 0.000000000000	 0.000000000000	1.59106	0.402931	-0	0	
 2.000000000000	 0.618328539711	831.876983046353	292.817250939749	 0.000000000000	 0.000000000000	1.28162	0.450642	-0	0	
 2.000000000000	 0.597895499792	271.685066455300	297.420334308730	 0.000000000000	 0.000000000000	1.31013	0.446977	-0	0	
 2.000000000000	 0.627874809707	730.313179769510	630.784765731896	 0.000000000000	 0.000000000000	1.4438	0.432051	-0	0	
 2.000000000000	 0.634079069595	817.018548756275	519.276686860941	 0.000000000000	 0.000000000000	1.89206	0.358247	-0	0	
 2.000000000000	 0.593851629725	748.540529430986	499.304018711995	 0.000000000000	 0.000000000000	1.85983	0.361157	-0	0	



#Generation 9 / 10
currentGen	9
evaluateCount	450
totalTime	112.876
firstFrontCount	50
frontCount	1
avgEvalTime	0.661728
#end
Var1	Var2	Var3	Var4	Var5	Var6	Obj1	Obj2	Obj3	Cons1	
 2.000000000000	 0.668214772701	990.244866549880	229.300385292011	 0.000000000000	 0.000000000000	1.12796	0.498788	-0	0	
 1.000000000000	 0.467930389563	406.962969790233	659.209568600603	 0.000000000000	 0.000000000000	3.016	0.230024	-1	0	
 2.000000000000	 0.650800729583	515.852473548334	640.050988162478	 0.000000000000	 0.000000000000	2.20178	0.314048	-0	0	
 1.000000000000	 0.521647829231	306.473523732569	454.560768530121	 0.000000000000	 0.000000000000	2.12675	0.321426	-1	0	
 1.000000000000	 0.511629745573	249.083856549803	561.789669772860	 0.000000000000	 0.000000000000	2.80325	0.245944	-1	0	
 1.000000000000	 0.512714994645	323.288931554008	370.084153961001	 0.000000000000	 0.000000000000	2.27975	0.284761	-1	0	
 1.000000000000	 0.476128823180	302.790955545040	458.006973374976	 0.000000000000	 0.000000000000	2.47223	0.246391	-1	0	
 1.000000000000	 0.445252390395	406.962969790233	666.213660776366	 0.000000000000	 0.000000000000	2.39697	0.274004	-1	0	
 1.000000000000	 0.460585942800	297.484646770196	659.608282444051	 0.000000000000	 0.000000000000	3.01115	0.232469	-1	0	
 1.000000000000	 0.476128823180	349.993476855227	431.908254117247	 0.000000000000	 0.000000000000	2.40074	0.252114	-1	0	
 2.000000000000	 0.639693726617	651.758512122007	423.003915904732	 0.000000000000	 0.000000000000	1.62037	0.396786	-0	0	
 2.000000000000	 0.577254821673	806.053717933529	261.228108009061	 0.000000000000	 0.000000000000	1.23977	0.46021	-0	0	
 2.000000000000	 0.635489741545	667.613784106780	453.303178688844	 0.000000000000	 0.000000000000	1.69015	0.391121	-0	0	
 2.000000000000	 0.595599102184	886.278238936394	227.697704764494	 0.000000000000	 0.000000000000	1.16422	0.485306	-0	0	
 2.000000000000	 0.639618968426	595.096597239608	262.196914245334	 0.000000000000	 0.000000000000	1.20768	0.468777	-0	0	
 2.000000000000	 0.650705016810	876.772760606293	229.300385292011	 0.000000000000	 0.000000000000	1.1373	0.494155	-0	0	
 2.000000000000	 0.575814619951	338.514954260862	463.698792752903	 0.000000000000	 0.000000000000	1.78249	0.375789	-0	0	
 1.000000000000	 0.486204073606	460.907255294184	446.210723035460	 0.000000000000	 0.000000000000	2.45226	0.247363	-1	0	
 2.000000000000	 0.619897912184	714.403349164976	406.892542790251	 0.000000000000	 0.000000000000	1.59106	0.402931	-0	0	
 2.000000000000	 0.669872484951	885.087004059911	255.609529576698	 0.000000000000	 0.000000000000	1.17841	0.479255	-0	0	
 2.000000000000	 0.665831289941	977.085172065191	299.066112018847	 0.000000000000	 0.000000000000	1.26758	0.452519	-0	0	
 2.000000000000	 0.654311546540	382.867595533687	604.021349755366	 0.000000000000	 0.000000000000	2.10307	0.325025	-0	0	
 2.000000000000	 0.659377853091	631.391380554845	329.970351326207	 0.000000000000	 0.000000000000	1.35225	0.438323	-0	0	
 2.000000000000	 0.618945509328	757.844565614198	533.153125783182	 0.000000000000	 0.000000000000	1.93133	0.348825	-0	0	
 2.000000000000	 0.668214772701	990.244866549880	262.849850508058	 0.000000000000	 0.000000000000	1.19352	0.473876	-0	0	
 2.000000000000	 0.612850764312	524.889441010520	560.849227823996	 0.000000000000	 0.000000000000	2.00956	0.337694	-0	0	
 2.000000000000	 0.611547703874	682.338470665630	486.986104315838	 0.000000000000	 0.000000000000	1.813	0.367822	-0	0	
 2.000000000000	 0.658882876556	783.512889010558	369.714180556535	 0.000000000000	 0.000000000000	1.46113	0.421286	-0	0	
 2.000000000000	 0.593851629725	748.540529430986	499.304018711995	 0.000000000000	 0.000000000000	1.85983	0.361157	-0	0	
 2.000000000000	 0.647720101538	636.372883855068	557.247003328804	 0.000000000000	 0.000000000000	1.97492	0.340541	-0	0	
 2.000000000000	 0.601506204443	633.589119931331	493.942348293012	 0.000000000000	 0.000000000000	1.83927	0.364145	-0	0	
 2.000000000000	 0.596200433410	675.183820903433	478.790191183685	 0.000000000000	 0.000000000000	1.4505	0.430262	-0	0	
 2.000000000000	 0.634629664709	817.018548756275	483.061752279381	 0.000000000000	 0.000000000000	1.78596	0.370414	-0	0	
 2.000000000000	 0.639693726617	575.190856244366	450.718874474307	 0.000000000000	 0.000000000000	1.69519	0.384691	-0	0	
 2.000000000000	 0.597895499792	271.685066455300	297.420334308730	 0.000000000000	 0.000000000000	1.31013	0.446977	-0	0	
 2.000000000000	 0.618328539711	831.876983046353	292.817250939749	 0.000000000000	 0.000000000000	1.28162	0.450642	-0	0	
 2.000000000000	 0.651945607635	509.735252606921	576.901888091654	 0.000000000000	 0.000000000000	2.02877	0.333726	-0	0	
 2.000000000000	 0.630570437630	871.941326434666	386.561395522755	 0.000000000000	 0.000000000000	1.52841	0.412105	-0	0	
 2.000000000000	 0.634079069595	817.018548756275	519.276686860941	 0.000000000000	 0.000000000000	1.89206	0.358247	-0	0	
 2.000000000000	 0.612725677864	697.504368347868	458.112009037769	 0.000000000000	 0.000000000000	1.73449	0.380385	-0	0	
 2.000000000000	 0.597895499792	271.685066455300	360.557364997403	 0.000000000000	 0.000000000000	1.48227	0.421088	-0	0	
 2.000000000000	 0.607653441765	862.648326104038	349.365028984146	 0.000000000000	 0.000000000000	1.40759	0.43342	-0	0	
 2.000000000000	 0.637609238210	652.287099815764	313.696436594443	 0.000000000000	 0.000000000000	1.32507	0.443252	-0	0	
 2.000000000000	 0.648858471643	629.055505642404	380.700269908877	 0.000000000000	 0.000000000000	1.49873	0.415662	-0	0	
 2.000000000000	 0.544740447227	818.935799351150	376.846293191477	 0.000000000000	 0.000000000000	1.5674	0.411356	-0	0	
 2.000000000000	 0.612725677864	708.680961164089	458.112009037769	 0.000000000000	 0.000000000000	1.73449	0.380385	-0	0	
 2.000000000000	 0.619897912184	703.832190302986	585.996023795689	 0.000000000000	 0.000000000000	2.07144	0.328852	-0	0	
 2.000000000000	 0.603124241660	913.836634373382	615.725585888979	 0.000000000000	 0.000000000000	2.16271	0.318152	-0	0	
 2.000000000000	 0.627874809707	730.313179769510	630.784765731896	 0.000000000000	 0.000000000000	1.4438	0.432051	-0	0	
 2.000000000000	 0.632611971856	688.786964390075	579.896508066021	 0.000000000000	 0.000000000000	2.04612	0.331443	-0	0	



#Generation 10 / 10
currentGen	10
evaluateCount	500
totalTime	126.792
firstFrontCount	50
frontCount	1
avgEvalTime	0.754893
#end
Var1	Var2	Var3	Var4	Var5	Var6	Obj1	Obj2	Obj3	Cons1	
 1.000000000000	 0.467930389563	406.962969790233	659.209568600603	 0.000000000000	 0.000000000000	3.016	0.230024	-1	0	
 2.000000000000	 0.668214772701	990.244866549880	229.300385292011	 0.000000000000	 0.000000000000	1.12796	0.498788	-0	0	
 2.000000000000	 0.650800729583	515.852473548334	640.050988162478	 0.000000000000	 0.000000000000	2.20178	0.314048	-0	0	
 1.000000000000	 0.521647829231	306.473523732569	454.560768530121	 0.000000000000	 0.000000000000	2.12675	0.321426	-1	0	
 1.000000000000	 0.511629745573	249.083856549803	561.789669772860	 0.000000000000	 0.000000000000	2.80325	0.245944	-1	0	
 1.000000000000	 0.512714994645	323.288931554008	370.084153961001	 0.000000000000	 0.000000000000	2.27975	0.284761	-1	0	
 1.000000000000	 0.476128823180	302.790955545040	458.006973374976	 0.000000000000	 0.000000000000	2.47223	0.246391	-1	0	
 1.000000000000	 0.445252390395	406.962969790233	666.213660776366	 0.000000000000	 0.000000000000	2.39697	0.274004	-1	0	
 1.000000000000	 0.460585942800	297.484646770196	659.608282444051	 0.000000000000	 0.000000000000	3.01115	0.232469	-1	0	
 1.000000000000	 0.476128823180	349.993476855227	431.908254117247	 0.000000000000	 0.000000000000	2.40074	0.252114	-1	0	
 2.000000000000	 0.639693726617	651.758512122007	423.003915904732	 0.000000000000	 0.000000000000	1.62037	0.396786	-0	0	
 2.000000000000	 0.650364524246	740.407701312277	280.594591013463	 0.000000000000	 0.000000000000	1.23824	0.459529	-0	0	
 2.000000000000	 0.635489741545	667.613784106780	453.303178688844	 0.000000000000	 0.000000000000	1.69015	0.391121	-0	0	
 2.000000000000	 0.637818881366	698.010525003701	518.744454743428	 0.000000000000	 0.000000000000	1.87927	0.355414	-0	0	
 2.000000000000	 0.619897912184	714.403349164976	406.892542790251	 0.000000000000	 0.000000000000	1.59106	0.402931	-0	0	
 2.000000000000	 0.659377853091	631.391380554845	329.970351326207	 0.000000000000	 0.000000000000	1.35225	0.438323	-0	0	
 2.000000000000	 0.618945509328	757.844565614198	533.153125783182	 0.000000000000	 0.000000000000	1.93133	0.348825	-0	0	
 2.000000000000	 0.607653441765	862.648326104038	349.365028984146	 0.000000000000	 0.000000000000	1.40759	0.43342	-0	0	
 2.000000000000	 0.650705016810	876.772760606293	229.300385292011	 0.000000000000	 0.000000000000	1.1373	0.494155	-0	0	
 2.000000000000	 0.544740447227	818.935799351150	376.846293191477	 0.000000000000	 0.000000000000	1.5674	0.411356	-0	0	
 2.000000000000	 0.623934177056	575.514464143048	620.610552131045	 0.000000000000	 0.000000000000	2.16048	0.317742	-0	0	
 2.000000000000	 0.639618968426	595.096597239608	262.196914245334	 0.000000000000	 0.000000000000	1.20768	0.468777	-0	0	
 2.000000000000	 0.575814619951	587.332982914052	462.193730271769	 0.000000000000	 0.000000000000	1.77525	0.375651	-0	0	
 2.000000000000	 0.639693726617	575.190856244366	450.718874474307	 0.000000000000	 0.000000000000	1.69519	0.384691	-0	0	
 2.000000000000	 0.648858471643	629.055505642404	380.700269908877	 0.000000000000	 0.000000000000	1.49873	0.415662	-0	0	
 2.000000000000	 0.650800729583	515.852473548334	640.050988162478	 0.000000000000	 0.000000000000	2.20178	0.314048	-0	0	
 2.000000000000	 0.637609238210	652.287099815764	313.696436594443	 0.000000000000	 0.000000000000	1.32507	0.443252	-0	0	
 2.000000000000	 0.645391449960	544.179875956583	546.462136611906	 0.000000000000	 0.000000000000	1.94756	0.344581	-0	0	
 2.000000000000	 0.593851629725	748.540529430986	499.304018711995	 0.000000000000	 0.000000000000	1.85983	0.361157	-0	0	
 2.000000000000	 0.630570437630	871.941326434666	386.561395522755	 0.000000000000	 0.000000000000	1.52841	0.412105	-0	0	
 2.000000000000	 0.658882876556	783.512889010558	369.714180556535	 0.000000000000	 0.000000000000	1.46113	0.421286	-0	0	
 2.000000000000	 0.597895499792	271.685066455300	297.420334308730	 0.000000000000	 0.000000000000	1.31013	0.446977	-0	0	
 2.000000000000	 0.595599102184	886.278238936394	227.697704764494	 0.000000000000	 0.000000000000	1.16422	0.485306	-0	0	
 2.000000000000	 0.619897912184	703.832190302986	585.996023795689	 0.000000000000	 0.000000000000	2.07144	0.328852	-0	0	
 2.000000000000	 0.596200433410	675.183820903433	478.790191183685	 0.000000000000	 0.000000000000	1.4505	0.430262	-0	0	
 2.000000000000	 0.634629664709	817.018548756275	483.061752279381	 0.000000000000	 0.000000000000	1.78596	0.370414	-0	0	
 2.000000000000	 0.665831289941	977.085172065191	299.066112018847	 0.000000000000	 0.000000000000	1.26758	0.452519	-0	0	
 1.000000000000	 0.487476144988	399.110281155943	443.986186941661	 0.000000000000	 0.000000000000	2.44612	0.247455	-1	0	
 2.000000000000	 0.597895499792	271.685066455300	360.557364997403	 0.000000000000	 0.000000000000	1.48227	0.421088	-0	0	
 2.000000000000	 0.611547703874	682.338470665630	486.986104315838	 0.000000000000	 0.000000000000	1.813	0.367822	-0	0	
 2.000000000000	 0.612850764312	524.889441010520	560.849227823996	 0.000000000000	 0.000000000000	2.00956	0.337694	-0	0	
 2.000000000000	 0.618328539711	831.876983046353	292.817250939749	 0.000000000000	 0.000000000000	1.28162	0.450642	-0	0	
 2.000000000000	 0.612725677864	697.504368347868	458.112009037769	 0.000000000000	 0.000000000000	1.73449	0.380385	-0	0	
 2.000000000000	 0.612725677864	708.680961164089	458.112009037769	 0.000000000000	 0.000000000000	1.73449	0.380385	-0	0	
 2.000000000000	 0.669872484951	885.087004059911	255.609529576698	 0.000000000000	 0.000000000000	1.17841	0.479255	-0	0	
 2.000000000000	 0.627874809707	730.313179769510	630.784765731896	 0.000000000000	 0.000000000000	1.4438	0.432051	-0	0	
 2.000000000000	 0.601506204443	633.589119931331	493.942348293012	 0.000000000000	 0.000000000000	1.83927	0.364145	-0	0	
 2.000000000000	 0.647720101538	662.153159731883	557.247003328804	 0.000000000000	 0.000000000000	1.97492	0.340541	-0	0	
 2.000000000000	 0.606145981309	436.695259468017	592.867960197051	 0.000000000000	 0.000000000000	2.09969	0.325765	-0	0	
 2.000000000000	 0.654311546540	382.867595533687	604.021349755366	 0.000000000000	 0.000000000000	2.10307	0.325025	-0	0	



